CACHE type 5 produced by analog 6.0/Unix. Do not modify or delete!
T	0	0	8	2	0	0	4511
D	24726919	24727079
17171	135	7	2	4511
17171	167	1	0	0
1	1	1	0	0	24726919	0	0	24726919	0	0	421	/
1	1	1	0	0	24726919	0	0	24726919	0	0	469	/botTelegram/
1	1	0	0	0	24726919	0	0	24726919	0	0	171	/_autoindex/icons/blank.png
1	2	0	0	0	24727079	0	0	24726919	0	0	0	/botTelegram/cekPeserta.php
1	1	0	0	0	24726919	0	0	24726919	0	0	1197	/_autoindex/icons/html.png
1	1	0	0	0	24726919	0	0	24726919	0	0	1139	/_autoindex/icons/up.png
1	1	0	0	0	24726919	0	0	24726919	0	0	1114	/_autoindex/icons/folder.png
3	3	1	0	0	24726919	0	0	24726919	0	0	1754	https://webservices.arctoys.com/
3	3	0	0	0	24726919	0	0	24726919	0	0	2336	https://webservices.arctoys.com/botTelegram/
4	7	2	0	0	24726919	0	0	24726919	0	0	4511	Mozilla/5.0 (Windows NT 6.1; rv:50.0) Gecko/20100101 Firefox/50.0
4	1	0	0	0	24727079	0	0	24727079	0	0	0	TelegramBot (like TwitterBot)
5	1	0	0	0	24727079	0	0	24727079	0	0	0	149.154.167.164
5	7	2	0	0	24726919	0	0	24726919	0	0	4511	110.50.84.12
z	0	2	0	24727079	0
z	3	3	2	24726919	1061
z	4	3	0	24726919	3450
c	200	8	24727079
