CACHE type 5 produced by analog 6.0/Unix. Do not modify or delete!
T	0	0	5038	590	226	762	66047294
D	24726897	24802237
17171	131	14	7	3440
17171	132	7	6	2008
17177	105	1	1	89
17177	115	7	2	5546
17177	116	2	0	99014
17177	117	20	3	216704
17177	118	6	0	17910
17177	119	2	0	2414
17177	124	9	0	6643
17178	98	6	1	147988
17178	100	1	1	1306
17178	101	3	3	3911
17178	102	1	1	1331
17178	103	4	4	5269
17178	112	1	1	1303
17178	115	7	1	763325
17178	116	4	0	6002
17178	117	20	0	185344
17178	118	36	5	1070737
17178	119	34	0	152884
17178	120	16	2	430914
17178	121	19	0	62625
17178	122	24	0	19698
17178	123	3	0	3908
17178	124	8	0	9461
17178	125	11	0	16644
17178	126	26	0	36173
17178	127	21	0	423640
17178	128	5	0	7556
17178	129	9	0	17013
17178	130	9	0	15116
17178	131	1	0	1891
17178	132	3	0	1967
17178	133	25	0	43801
17178	134	13	0	11361
17178	135	13	2	13177
17178	137	25	18	450634
17178	138	10	10	19152
17178	139	2	1	1872
17178	140	8	8	15244
17178	141	10	10	19170
17178	144	12	1	372543
17178	163	1	0	1192
17178	164	5	0	6524
17178	165	1	0	1912
17178	166	2	0	3917
17178	167	2	0	3910
17178	168	3	3	5636
17178	169	3	3	5755
17178	170	12	7	21517
17178	171	8	0	15624
17178	172	19	4	37026
17178	173	10	1	19382
17178	174	1	1	1895
17178	175	1	1	1891
17178	180	11	1	16137
17178	181	4	0	5529
17178	187	8	1	349772
17178	199	8	0	10771
17178	222	8	2	349786
17178	224	1	1	1907
17178	225	8	6	5391
17178	226	12	0	33818
17178	230	9	0	351731
17178	232	1	0	390518
17178	233	4	3	4225
17178	237	18	6	169192
17178	238	18	12	35093
17178	239	4	1	23519
17178	244	2	0	391965
17178	284	1	0	960
17179	66	1	1	1874
17179	137	13	2	366005
17179	141	2	2	3870
17179	144	6	0	27734
17179	162	1	1	1306
17179	163	22	7	717141
17179	166	38	1	727287
17179	167	13	0	22226
17179	172	9	0	351610
17179	203	1	0	1873
17179	232	1	1	1997
17179	233	7	1	347849
17179	234	6	0	53199
17179	237	1	1	1847
17179	238	6	2	16877
17179	239	1	0	1687
17179	240	5	0	4891
17179	241	1	0	1112
17179	243	11	1	34889
17179	244	1	0	1371
17179	245	6	2	10854
17179	246	5	0	94023
17179	247	47	2	45741
17179	248	8	1	4457
17179	249	3	1	4714
17179	250	6	0	1196
17179	251	6	0	1199
17179	252	17	1	14701
17179	253	1	0	1207
17179	254	4	0	4853
17179	256	15	1	14854
17179	257	10	0	15844
17179	258	13	1	12857
17179	259	10	0	14402
17179	260	3	0	5324
17179	261	10	0	18239
17179	262	5	0	7475
17179	264	6	0	1492
17179	265	6	0	41818
17179	266	24	1	431306
17179	267	6	1	17760
17179	268	12	1	34440
17179	269	1	0	1562
17179	270	10	0	16449
17179	271	3	2	5190
17179	272	12	0	7982
17179	273	7	0	11056
17179	274	9	0	3175
17179	275	1	0	1584
17179	276	13	0	9566
17179	277	3	0	5283
17179	278	8	0	1594
17180	134	9	1	37173
17180	159	1	1	1802
17180	160	25	2	432283
17180	166	15	5	281535
17180	167	11	1	3365
17180	168	12	0	782611
17180	169	11	0	392083
17180	171	11	0	392083
17180	172	17	1	1569908
17180	188	1	0	1805
17180	189	37	0	423670
17180	190	5	0	7819
17180	191	27	4	418144
17180	192	3	0	4206
17180	193	1	0	1195
17180	194	15	4	256458
17180	195	6	3	7938
17180	196	5	5	5370
17180	218	2	1	2262
17180	219	1	0	1803
17180	280	6	2	8752
17180	282	8	0	182489
17180	284	8	0	182488
17180	286	8	0	182489
17181	212	2	2	2388
17182	69	1	1	1169
17182	132	9	0	383152
17182	133	36	2	512435
17182	134	8	1	17275
17182	135	2	0	3020
17182	137	1	0	1803
17182	138	3	0	4787
17182	142	1	0	1217
17182	144	8	0	182489
17182	146	8	0	182487
17182	148	8	0	182491
17182	150	8	0	182489
17182	152	8	0	182490
17182	190	8	0	182487
17182	201	1	1	1085
17182	204	1	0	1801
17182	252	1	1	1352
17182	264	2	2	2155
17182	266	1	0	1565
17182	267	5	3	8358
17182	268	4	1	7013
17182	270	8	0	1461
17182	272	8	0	1460
17182	273	1	0	1591
17182	274	1	0	1592
17182	275	4	0	395332
17183	93	6	2	8850
17183	94	3	1	4093
17183	113	1	1	1122
17183	119	9	1	382473
17183	123	8	2	12437
17183	159	1	1	1078
17183	163	5	0	29581
17183	172	12	0	49503
17183	173	9	0	36580
17183	174	2	0	8234
17183	187	3	0	13147
17183	188	8	0	32493
17183	191	5	4	8903
17183	192	5	2	8893
17183	193	2	0	4169
17183	194	5	1	9690
17183	195	5	1	9573
17183	196	4	3	5827
17183	197	1	1	2123
17183	198	10	8	23168
17183	208	3	2	4454
17183	209	2	0	3634
17183	251	24	0	394442
17183	254	1	0	1794
17183	272	2	2	2473
17183	273	6	1	27376
17183	275	11	0	30473
17183	276	15	1	196125
17183	279	8	0	14539
17183	280	5	0	8703
17183	281	5	0	10515
17183	283	5	0	122158
17183	284	2	0	3550
17183	286	7	0	405872
17183	287	10	0	16997
17184	0	7	0	19420
17184	1	9	0	25103
17184	2	4	0	11195
17184	4	2	0	5699
17184	5	16	0	329773
17184	6	5	1	12555
17184	7	7	0	19340
17184	8	4	0	11062
17184	9	5	0	13660
17184	10	4	0	10398
17184	11	23	1	339306
17184	41	13	0	300663
17184	110	5	1	121182
17184	111	4	2	7257
17184	112	4	1	7266
17184	113	26	0	99171
17184	114	4	0	8975
17184	115	6	1	12503
17184	116	20	0	37676
17184	117	5	0	11205
17184	118	7	0	10822
17184	119	6	0	11406
17184	120	1	0	1834
17184	122	3	0	396143
17184	123	9	2	17400
17184	124	3	0	7628
17184	125	2	0	4417
17184	128	2	0	3537
17184	129	12	0	29566
17184	130	9	0	21245
17184	131	2	0	3981
17184	132	2	0	5699
17184	133	1	0	2906
17184	137	2	0	5134
17184	138	2	0	4268
17184	139	3	0	7577
17184	145	1	0	3016
17184	148	4	0	8729
17184	165	42	4	1049222
17184	169	3	1	6658
17184	170	5	0	185
17184	171	13	0	399201
17184	172	3	0	2880
17184	173	1	0	2416
17184	174	5	0	12864
17184	175	1	0	2807
17184	176	15	0	37301
17184	177	11	0	27528
17184	178	1	0	2643
17184	179	3	0	8014
17184	182	5	1	26076
17184	183	3	0	6142
17184	184	8	0	16539
17184	185	7	0	14724
17184	186	1	0	1825
17184	188	10	0	32763
17184	189	1	0	1826
17184	190	2	0	3638
17184	191	8	0	15382
17184	192	1	1	1609
17184	194	7	0	14416
17184	195	1	0	2233
17184	196	12	1	39799
17184	197	1	0	1531
17184	198	13	1	21296
17184	199	8	1	12893
17184	200	13	3	20729
17184	201	8	1	12553
17184	211	2	0	4539
17184	212	3	0	6094
17184	213	3	0	6158
17184	214	7	0	15606
17184	217	1	0	2256
17184	219	1	0	2261
17184	230	1	1	1611
17184	231	32	5	654558
17184	232	2	1	3874
17184	233	11	0	32585
17184	234	4	0	9095
17184	235	1	0	2275
17184	236	14	4	21489
17184	237	22	9	54151
17184	238	14	3	31244
17184	239	28	5	22951
17184	240	12	2	17366
17184	241	23	8	51697
17184	242	4	0	6116
17184	243	11	4	21540
17184	244	3	3	8528
17184	245	9	0	60846
17184	246	6	0	11486
17184	247	5	0	11181
17184	248	6	0	13622
17184	249	3	0	6911
17184	250	14	0	6337
17184	251	20	0	83281
17184	252	5	0	6259
17184	253	3	0	5559
17184	254	5	0	9598
17184	255	32	7	518317
17184	256	2	0	4103
17184	257	7	1	12423
17184	258	2	0	3684
17184	259	15	1	29932
17184	260	13	1	304696
17184	261	11	0	25938
17184	262	3	0	6124
17184	263	7	0	14648
17184	264	3	0	6438
17184	265	12	0	26475
17184	266	14	0	38676
17184	267	8	0	16317
17184	268	14	2	26330
17184	269	92	57	593426
17184	271	5	0	9818
17184	272	10	2	16381
17184	273	21	0	33892
17184	274	14	2	20505
17184	275	3	1	5824
17185	95	1	1	1693
17185	264	1	1	1237
17185	285	1	0	2695
17186	20	1	0	1844
17186	69	1	1	1282
17186	104	1	1	1280
17187	97	1	1	1280
17187	112	13	1	502539
17187	121	4	0	160680
17187	123	11	0	301220
17187	134	13	1	503241
17187	179	12	0	321347
17187	224	11	0	301220
17187	228	13	0	503250
17187	268	8	1	263999
17188	74	11	0	301220
17188	86	13	0	459419
17189	246	13	1	502497
17189	276	13	0	322651
17190	48	12	0	302528
17190	134	62	7	1163049
17190	135	2	0	66744
17190	136	29	1	513206
17190	137	32	0	902075
17190	138	12	0	404151
17190	141	8	0	268973
17190	143	12	0	302967
17190	145	2	2	2475
17190	147	14	6	22073
17190	222	22	1	509963
17190	223	13	5	40335
17190	229	12	0	302551
17190	274	1	0	1962
17191	17	12	0	302526
17191	127	22	4	534743
17191	138	1	0	1963
17194	161	14	1	158478
17195	224	1	0	1959
17195	232	13	0	503218
17196	206	13	0	503221
17197	273	7	1	1650
17198	190	1	1	1240
17198	243	20	2	173096
17198	244	1	0	1303
17198	245	1	0	1301
17198	246	1	0	1303
17198	248	1	0	995
17198	250	1	0	958
17198	265	13	1	502910
17199	125	52	8	661343
17199	126	15	3	27443
17199	150	1	1	1238
17199	264	25	4	547566
17199	266	2	1	4081
17199	270	29	0	307733
17199	271	19	0	95606
17199	272	4	0	7902
17199	273	4	0	8348
17199	274	1	0	1757
17199	275	5	0	11381
17199	276	1	0	2417
17200	123	14	1	504501
17200	135	61	19	623715
17200	160	2	0	4523
17200	173	1	1	1241
17200	192	17	2	5318
17200	217	16	2	508120
17201	170	1	1	1648
17201	174	12	2	153455
17201	182	1	1	1237
17202	13	18	1	610022
17202	14	6	1	8520
17202	16	13	1	58413
17203	143	2	2	2564
17203	208	1	1	1236
17204	94	2	2	2563
17204	246	4	1	191113
17205	6	1	1	1238
17205	102	13	1	503210
17205	249	30	4	537628
17205	250	4	2	4273
17205	253	12	1	31823
17205	257	8	0	16201
17205	258	15	1	326087
17205	260	5	0	10203
17205	262	3	0	5366
17205	264	8	0	15781
17205	265	1	1	1239
17205	266	1	0	1754
17205	267	2	0	3618
17208	96	13	1	502544
17208	100	17	3	27209
17208	101	94	2	174863
17208	102	42	3	531111
17208	103	5	0	5475
17208	112	1	0	2798
17208	113	1	0	2687
17208	114	14	0	43048
17208	115	2	1	3622
17208	116	10	0	24088
17208	118	1	1	1693
17208	119	2	0	4253
17208	121	8	0	18310
17208	153	18	2	519450
17208	154	12	0	2239
17208	175	3	0	22437
17208	176	27	1	46139
17208	177	1	1	1650
17208	178	15	0	6904
17208	179	1	0	2248
17208	182	13	0	4656
17208	184	1	1	1239
17208	185	20	5	18392
17209	86	13	1	95514
17209	87	16	0	691855
17209	91	19	2	504035
17209	92	5	0	286375
17209	93	2	0	96561
17209	95	6	2	285750
17209	104	16	2	670342
17209	106	28	0	482901
17209	108	4	0	193078
17209	110	6	0	289129
17210	34	1	0	1843
17211	105	1	0	1961
17211	195	1	0	1957
17213	258	1	1	1235
17216	107	1	1	1282
17220	189	13	1	502498
17220	192	1	1	1238
17220	193	13	1	13642
17220	196	1	0	1417
17220	197	5	3	31289
17220	198	9	9	17523
17220	199	2	2	3225
17220	200	1	1	2433
17220	201	7	4	448559
17220	250	28	1	807227
17221	169	1	1	1235
17221	179	19	1	1220217
17221	194	13	2	307739
17221	195	4	3	400277
17221	196	9	4	287885
17221	197	9	6	25931
17221	202	12	0	5410
17221	203	42	0	11132
17221	204	86	0	25932
17221	205	12	0	3607
17221	206	15	0	7226
17221	207	50	0	14736
17221	208	28	0	8210
17221	209	26	0	1007554
17221	210	28	0	8808
17221	211	36	0	1011092
17221	212	12	0	3767
17221	213	99	0	1036954
17221	243	17	1	579657
17221	244	5	0	4740
17221	245	14	0	305697
17221	246	38	0	908481
17221	247	30	0	609317
17221	248	56	0	1212454
17221	249	73	1	1520864
17221	250	22	0	493982
17221	251	108	0	2670690
17222	129	1	1	2188
17222	186	5	3	53112
17222	187	2	1	35454
17222	188	1	1	2131
17222	189	3	3	6010
17222	190	8	4	11276
17222	191	1	1	2151
17223	101	1	1	2153
17223	223	1	1	2153
1	1	0	0	0	24736910	0	0	24736910	0	0	15841	/jadwal-sidang/web/assets/d5235e05/yii.js
1	0	0	0	8	0	0	24799222	0	0	24799213	0	/jadwal-sidang/siltslider/siltslider/css/demo.css
1	7	0	0	0	24780094	0	0	24736919	0	0	7047	/jadwal-sidang/assets/33c2a226/js/kv-grid-action.js
1	0	0	0	5	0	0	24739068	0	0	24739067	0	/jadwal-sidang/assets/global/plugins/font-awesome/css/font-awesome.min.css
1	3	0	0	0	24784369	0	0	24754714	0	0	5880	/jadwal-sidang/site/profil?46.188.21.2
1	0	0	0	1	0	0	24736908	0	0	24736908	0	/cuta
1	76	76	0	18	24781482	0	24744505	24737447	0	24737477	156180	/jadwal-sidang/backend/
1	1	0	0	0	24780029	0	0	24780029	0	0	1772	/jadwal-sidang/tahanan/biodata?id=404
1	1	0	0	0	24754338	0	0	24754338	0	0	2403	/jadwal-sidang/user/update?id=anu
1	1	0	0	0	24800610	0	0	24800610	0	0	23550	/jadwal-sidang/assets/carousel/carousel/images/slide1.jpg
1	11	0	0	0	24781493	0	0	24738594	0	0	5988	/jadwal-sidang/assets/2042e071/js/kv-widgets.js
1	7	0	0	0	24780446	0	0	24744955	0	0	875	/jadwal-sidang/assets/struktur/css/images/ui-bg_glass_100_fdf5ce_1x400.png
1	3	0	0	0	24744337	0	0	24738994	0	0	105781	/jadwal-sidang/assets/5b6b354f/typeahead.bundle.js
1	183	0	0	0	24799499	0	0	24744935	0	0	8862720	/jadwal-sidang/assets/struktur/js/jquery/jquery-ui-1.10.2.custom.min.js
1	0	0	0	3	0	0	24737184	0	0	24737183	0	/jadwal-sidang/profil
1	79	0	0	0	24800631	0	0	24745555	0	0	133313	/jadwal-sidang/struktur
1	9	0	1	1	24781504	24746128	24745648	24745648	24746128	24745648	28143	/jadwal-sidang/berkas-pertama/create
1	0	0	0	19	0	0	24745006	0	0	24744955	0	/jadwal-sidang/images/photos/f.png
1	8	0	0	0	24770312	0	0	24735468	0	0	170034	/basic/web/assets/aaa6871a/css/bootstrap.css
1	0	0	0	2	0	0	24737182	0	0	24737182	0	/jadwal-sidang/jadwal-sidang/profil
1	8	0	0	0	24770312	0	0	24735468	0	0	111372	/basic/web/assets/aaa6871a/js/bootstrap.js
1	6	0	0	0	24780025	0	0	24738594	0	0	10422	/jadwal-sidang/assets/6d69244a/css/loading.gif
1	7	0	0	0	24780094	0	0	24736919	0	0	108456	/jadwal-sidang/assets/866c2952/dist/js/bootstrap-dialog.js
1	3	0	0	0	24780100	0	0	24780094	0	0	5783	/jadwal-sidang/sel/create
1	6	0	0	0	24780094	0	0	24736919	0	0	2416	/jadwal-sidang/assets/33c2a226/css/kv-grid-action.css
1	10	0	0	0	24746283	0	0	24746198	0	0	22684	/jadwal-sidang/detail-penentuan/index
1	4	0	0	0	24746176	0	0	24746165	0	0	7012	/jadwal-sidang/user/view?id=yan
1	18	0	0	4	24744462	0	24751090	24744381	0	24744464	79427	/jadwal-sidang/gii/model
1	0	0	0	4	0	0	24796934	0	0	24758000	0	/robots.txt?46.188.21.2
1	1	1	0	0	24788013	0	0	24788013	0	0	1235	/jadwal-sidang/?36.78.110.86
1	6	0	0	0	24780125	0	0	24738595	0	0	12837	/jadwal-sidang/tahanan/create
1	0	0	1	0	0	24745609	0	0	24745609	0	0	/jadwal-sidang/jadwal-sidang/delete?id=2
1	0	0	0	1	0	0	24797801	0	0	24797801	0	/jadwal-sidang/js/bootstrap.min.js
1	3	0	0	0	24746115	0	0	24745873	0	0	57492	/jadwal-sidang/foto/fajar.png
1	6	0	0	0	24780025	0	0	24738594	0	0	1614	/jadwal-sidang/assets/6d69244a/css/search.png
1	0	0	0	24	0	0	24745015	0	0	24744955	0	/jadwal-sidang/images/photos/a.png
1	4	0	0	0	24766350	0	0	24735469	0	0	5210	/basic/web/index.php?r=site/index
1	11	0	0	0	24781493	0	0	24738594	0	0	5704	/jadwal-sidang/assets/aa51cf1a/css/datepicker-kv.css
1	0	0	0	14	0	0	24799222	0	0	24799213	0	/jadwal-sidang/siltslider/siltslider/jquery.slitslider.js
1	3	0	0	0	24744337	0	0	24738994	0	0	7572	/jadwal-sidang/assets/2857ef22/main.css
1	164	0	0	0	24799499	0	0	24739085	0	0	3531684	/jadwal-sidang/assets/datatables/media/js/jquery.dataTables.min.js
1	145	0	0	6	24799499	0	24799465	24746241	0	24746241	299461	/jadwal-sidang/upaya-hukum
1	7	0	0	0	24780094	0	0	24736919	0	0	23297	/jadwal-sidang/assets/33c2a226/js/jquery.resizableColumns.js
1	6	0	0	0	24780027	0	0	24736915	0	0	12725	/jadwal-sidang/jadwal-sidang/index
1	34	0	0	1	24780125	0	24744498	24736915	0	24744498	73585	/jadwal-sidang/tahanan
1	17	0	0	0	24781504	0	0	24745648	0	0	35688	/jadwal-sidang/berkas-pertama
1	7	0	0	0	24780094	0	0	24736919	0	0	25930	/jadwal-sidang/assets/33c2a226/css/kv-grid.css
1	5	0	0	0	24736909	0	0	24735469	0	0	6702	/basic/web/index.php
1	4	0	0	0	24767938	0	0	24736915	0	0	8314	/jadwal-sidang/tahanan/pasal-dakwaan?id=202
1	4	0	0	0	24770312	0	0	24735456	0	0	4456	/_autoindex/icons/folder.png
1	0	0	0	1	0	0	24737485	0	0	24737485	0	/jadwal-sidang/backend/views/JadwalSidang/
1	3	0	0	0	24744337	0	0	24738994	0	0	20031	/jadwal-sidang/assets/2857ef22/logo.png
1	12	0	2	0	24780025	24780026	0	24738594	24745609	0	36608	/jadwal-sidang/jadwal-sidang/create
1	0	0	0	1	0	0	24750402	0	0	24750402	0	/jadwal-sidang/gii/model?66.102.6.27
1	96	0	0	21	24780082	0	24745013	24736900	0	24736896	241818	/jadwal-sidang/user
1	3	0	0	0	24746197	0	0	24746133	0	0	5378	/jadwal-sidang/penentuan-perkara/view?id=1
1	0	0	0	1	0	0	24736902	0	0	24736902	0	/jadwal-sidang/tahanan/biodata?id=
1	0	0	0	9	0	0	24739043	0	0	24739040	0	/vendor/DataTables-1.10.13/media/datatables.min.js
1	1	0	0	0	24800610	0	0	24800610	0	0	23987	/jadwal-sidang/assets/carousel/carousel/images/slide2.jpg
1	36	0	0	0	24799229	0	0	24736905	0	0	81150	/jadwal-sidang/assets/d5235e05/yii.validation.js
1	0	0	0	19	0	0	24745006	0	0	24744955	0	/jadwal-sidang/images/photos/g.png
1	130	0	0	0	24799499	0	0	24744935	0	0	4307498	/jadwal-sidang/assets/struktur/js/primitives.min.js
1	0	0	0	5	0	0	24736954	0	0	24736952	0	/jadwal-sidang/jadwal-sidang/rincian-sidang
1	46	0	0	1	24770954	0	24746299	24736915	0	24746299	78471	/jadwal-sidang/jadwal-sidang/rincian?id=1
1	3	0	1	0	24780030	24780030	0	24780030	24780030	0	7176	/jadwal-sidang/tahanan/pasal-dilanggar?id=404
1	0	0	0	5	0	0	24739065	0	0	24739064	0	/jadwal-sidang/assets/global/scripts/jquery.dataTables.min.js
1	2	0	0	0	24766337	0	0	24735504	0	0	4140	/basic/web/index.php?r=site/contact
1	7	0	0	0	24780446	0	0	24744955	0	0	735	/jadwal-sidang/assets/struktur/css/images/ui-bg_glass_65_ffffff_1x400.png
1	0	0	0	2	0	0	24737486	0	0	24737486	0	/jadwal-sidang/backend/views/site/
1	119	119	0	0	24800631	0	0	24745873	0	0	70273	/jadwal-sidang/foto/
1	13	0	0	4	24744463	0	24749897	24744384	0	24744465	49918	/jadwal-sidang/gii/crud
1	1	0	0	0	24780027	0	0	24780027	0	0	2075	/jadwal-sidang/jadwal-sidang/rincian?id=217
1	0	0	0	7	0	0	24737187	0	0	24737182	0	/jadwal-sidang/jadwal-sidangsite/profil
1	71	0	49	11	24799229	24781482	24744502	24737141	24737162	24737149	123659	/jadwal-sidang/site/login
1	0	0	1	0	0	24770312	0	0	24770312	0	0	/basic/web
1	0	0	0	5	0	0	24801640	0	0	24737180	0	/robots.txt
1	0	0	0	19	0	0	24745006	0	0	24744955	0	/jadwal-sidang/images/photos/b.png
1	3	0	0	0	24799458	0	0	24797805	0	0	35667	/jadwal-sidang/assets/slider/slider/js/bootstrap.min.js
1	6	0	0	2	24746266	0	24746197	24746194	0	24746196	10648	/jadwal-sidang/detail-penentuan/view?id=1
1	1	0	1	0	24736933	24736933	0	24736933	24736933	0	1633	/jadwal-sidang/tahanan/updatepasaldilanggar/3
1	6	0	0	12	24744336	0	24743414	24738994	0	24738926	8490	/jadwal-sidang/gii
1	1	1	0	0	24726901	0	0	24726901	0	0	424	/botTelegram/
1	0	0	0	5	0	0	24737484	0	0	24737449	0	/jadwal-sidang/backend/index
1	0	0	0	2	0	0	24797787	0	0	24797787	0	/jadwal-sidang/css/bootstrap.min.css
1	0	0	2	0	0	24770312	0	0	24735456	0	0	/basic
1	0	0	0	2	0	0	24737450	0	0	24737450	0	/jadwal-sidang/backend/sel
1	5	0	0	0	24780032	0	0	24780026	0	0	8770	/jadwal-sidang/jadwal-sidang/view?id=217
1	1	1	0	0	24743086	0	0	24743086	0	0	1085	/jadwal-sidang/?173.252.124.229
1	7	0	0	0	24746216	0	0	24745886	0	0	14571	/jadwal-sidang/informasi/index
1	42	0	0	0	24781398	0	0	24736905	0	0	450700	/jadwal-sidang/assets/3ec09c6a/fonts/glyphicons-halflings-regular.woff2
1	4	0	1	8	24746161	24746161	24746161	24746149	24746161	24746149	10459	/jadwal-sidang/user/update?id=susi
1	0	0	0	7	0	0	24746260	0	0	24746256	0	/jadwal-sidang/rincian?id=1
1	0	0	2	0	0	24736909	0	0	24735470	0	0	/basic/web/index.php?r=site/logout
1	6	0	0	0	24767938	0	0	24736915	0	0	8740	/jadwal-sidang/tahanan/biodata?id=202
1	27	0	6	0	24780101	24736980	0	24736905	24736957	0	55827	/jadwal-sidang/tahanan/pasal-dakwaan?id=101
1	0	0	0	4	0	0	24736913	0	0	24736910	0	/jadwal-sidang/web/images/logokejatinew.png
1	7	0	0	0	24780025	0	0	24738594	0	0	5929	/jadwal-sidang/assets/2042e071/img/loading-plugin.gif
1	0	0	35	0	0	24781438	0	0	24737169	0	0	/jadwal-sidang/site/logout
1	7	0	0	0	24780025	0	0	24738594	0	0	42783	/jadwal-sidang/assets/6d69244a/css/select2-krajee.css
1	1	0	0	0	24737223	0	0	24737223	0	0	1254	/jadwal-sidang/tahanan/101
1	1	0	0	0	24736910	0	0	24736910	0	0	147430	/jadwal-sidang/web/assets/3ec09c6a/css/bootstrap.css
1	112	0	0	5	24780027	0	24736914	24736909	0	24736905	167442	/jadwal-sidang/rincian-sidang
1	6	0	0	0	24780025	0	0	24738594	0	0	9125	/jadwal-sidang/assets/92d43ce5/css/bootstrap-timepicker.css
1	1	0	0	0	24736910	0	0	24736910	0	0	68890	/jadwal-sidang/web/assets/3ec09c6a/js/bootstrap.js
1	0	0	0	1	0	0	24746147	0	0	24746147	0	/user/
1	7	0	0	0	24780094	0	0	24736919	0	0	2466	/jadwal-sidang/assets/33c2a226/css/jquery.resizableColumns.css
1	3	0	0	0	24770312	0	0	24735456	0	0	3591	/_autoindex/icons/html.png
1	0	0	0	1	0	0	24792223	0	0	24792223	0	/favicon.ico?36.78.110.86
1	3	0	0	0	24776490	0	0	24750175	0	0	60381	/jadwal-sidang/assets/3ec09c6a/fonts/glyphicons-halflings-regular.eot?
1	0	0	0	2	0	0	24745955	0	0	24745878	0	/jadwal-sidang/infromasi
1	3	0	0	0	24745615	0	0	24745607	0	0	6664	/jadwal-sidang/spdp/index
1	1	1	0	0	24737485	0	0	24737485	0	0	731	/jadwal-sidang/backend/views/
1	0	0	0	13	0	0	24799222	0	0	24799213	0	/jadwal-sidang/siltslider/siltslider/js/jquery.ba-cond.min.js
1	12	0	1	1	24781493	24745606	24745626	24745554	24745606	24745626	33125	/jadwal-sidang/spdp/create
1	0	0	0	8	0	0	24737508	0	0	24737506	0	/jadwal-sidang/login
1	18	0	0	0	24800631	0	0	24744955	0	0	1620	/jadwal-sidang/assets/struktur/css/images/ui-bg_highlight-soft_100_eeeeee_1x100.png
1	9	0	0	0	24770312	0	0	24735462	0	0	560202	/basic/web/assets/ac87473/jquery.js
1	0	0	0	1	0	0	24745929	0	0	24745929	0	/jadwal-sidang/page-info?66.102.6.27
1	3	0	0	0	24799458	0	0	24797805	0	0	116454	/jadwal-sidang/assets/slider/slider/js/jquery.js
1	0	0	0	2	0	0	24797787	0	0	24797787	0	/jadwal-sidang/css/full-slider.css
1	4	0	3	4	24746166	24746166	24745870	24744919	24744919	24745869	10196	/jadwal-sidang/user/update?id=fajar
1	0	0	0	1	0	0	24797762	0	0	24797762	0	/jadwal-sidang/site/slider.php
1	0	0	0	1	0	0	24737181	0	0	24737181	0	/jadwal-sidang/jadwal-sidangjadwal-sidang/site/profil
1	3	0	3	0	24746176	24746176	0	24746165	24746165	0	8104	/jadwal-sidang/user/update?id=yan
1	10	0	0	0	24780100	0	0	24736919	0	0	46393	/jadwal-sidang/sel
1	0	0	0	1	0	0	24736952	0	0	24736952	0	/jadwal-sidang/rincian-sidang/rincian
1	0	0	1	0	0	24726901	0	0	24726901	0	0	/botTelegram
1	2	0	0	0	24766337	0	0	24735504	0	0	1610	/basic/web/assets/c1b09b86/yii.captcha.js
1	11	0	1	2	24746300	24746194	24746294	24746186	24746194	24746192	33667	/jadwal-sidang/detail-penentuan/create
1	1	0	0	0	24736910	0	0	24736910	0	0	603	/jadwal-sidang/web/css/site.css
1	1	0	0	0	24744510	0	0	24744510	0	0	10836	/jadwal-sidang/images/logokejatinew50.png
1	0	0	0	19	0	0	24745006	0	0	24744955	0	/jadwal-sidang/images/photos/c.png
1	20	0	0	0	24780028	0	0	24746173	0	0	44883	/jadwal-sidang/detail-penentuan
1	1	0	0	0	24736910	0	0	24736910	0	0	258388	/jadwal-sidang/web/assets/987d625c/jquery.js
1	1	0	0	0	24780030	0	0	24780030	0	0	2375	/jadwal-sidang/tahanan/pasal-terbukti?id=404
1	130	0	0	0	24799499	0	0	24744935	0	0	711234	/jadwal-sidang/assets/struktur/js/jquery/ui-lightness/jquery-ui-1.10.2.custom.css
1	35	0	0	8	24780101	0	24736947	24736905	0	24736945	55256	/jadwal-sidang/tahanan/biodata?id=101
1	1	0	1	0	24754272	24754273	0	24754272	24754273	0	2425	/jadwal-sidang/user/update?id=wahyu
1	25	0	0	0	24799215	0	0	24736957	0	0	6638806	/jadwal-sidang/assets/3ec09c6a/css/bootstrap.css.map
1	9	0	0	0	24770312	0	0	24735462	0	0	33882	/basic/web/assets/c1b09b86/yii.js
1	52	0	0	15	24797768	0	24745932	24745932	0	24745909	74591	/jadwal-sidang/page-info
1	0	0	0	1	0	0	24746259	0	0	24746259	0	/jadwal-sidang/rincian
1	0	0	0	6	0	0	24737480	0	0	24737474	0	/jadwal-sidang/backend/site/index
1	36	0	0	0	24799229	0	0	24736905	0	0	184150	/jadwal-sidang/assets/d5235e05/yii.activeForm.js
1	3	0	0	0	24766337	0	0	24735469	0	0	9978	/basic/web/assets/c1b09b86/yii.validation.js
1	0	0	0	10	0	0	24739043	0	0	24739040	0	/vendor/DataTables-1.10.13/media/jquery.dataTables.min.css
1	2	0	1	0	24746197	24746197	0	24746157	24746197	0	6083	/jadwal-sidang/penentuan-perkara/update?id=1
1	29	0	0	0	24781398	0	0	24736900	0	0	60648	/jadwal-sidang/assets/d5235e05/yii.gridView.js
1	2	0	0	0	24780094	0	0	24767190	0	0	9722	/jadwal-sidang/sel/index?_tog1149016d=all
1	7	0	0	0	24780025	0	0	24738594	0	0	3805	/jadwal-sidang/assets/6d69244a/css/select2-addl.css
1	26	0	0	0	24781493	0	0	24745554	0	0	57214	/jadwal-sidang/spdp
1	46	0	0	0	24799488	0	0	24739102	0	0	5280	/jadwal-sidang/assets/datatables/media/images/sort_asc.png
1	0	0	0	4	0	0	24737191	0	0	24737189	0	/jadwal-sidang/logout
1	1	0	0	0	24737226	0	0	24737226	0	0	1863	/jadwal-sidang/site/profil?149.154.167.161
1	0	0	0	2	0	0	24754971	0	0	24754971	0	/apple-touch-icon.png
1	25	0	0	3	24780090	0	24737147	24736927	0	24737146	60012	/jadwal-sidang/user/index
1	1	0	0	0	24766337	0	0	24766337	0	0	2685	/basic/web/index.php?r=site/captcha&v=58908e4e73b2e
1	0	0	0	1	0	0	24737180	0	0	24737180	0	/jadwal-sidang/jadwal-sidang/rincian
1	46	0	0	0	24799488	0	0	24739102	0	0	6633	/jadwal-sidang/assets/datatables/media/images/sort_both.png
1	0	0	0	1	0	0	24754971	0	0	24754971	0	/apple-touch-icon-120x120-precomposed.png
1	14	0	4	0	24767939	24739111	0	24736915	24736933	0	28859	/jadwal-sidang/tahanan/pasal-dilanggar?id=202
1	1	0	0	0	24746166	0	0	24746166	0	0	2702	/jadwal-sidang/user/update?id=gogo
1	5	0	0	0	24770312	0	0	24726901	0	0	5695	/_autoindex/icons/up.png
1	0	0	0	1	0	0	24754971	0	0	24754971	0	/apple-touch-icon-precomposed.png
1	197	0	0	0	24799499	0	0	24736896	0	0	593093	/jadwal-sidang/assets/d5235e05/yii.js
1	0	0	0	3	0	0	24737183	0	0	24737182	0	/jadwal-sidang/jadwal-sidangprofil
1	3	0	2	0	24754287	24745614	0	24745607	24745608	0	8801	/jadwal-sidang/spdp/update/1
1	3	0	1	0	24746217	24745934	0	24745934	24745934	0	7824	/jadwal-sidang/informasi/update/3
1	5	0	1	0	24781429	24746216	0	24745940	24746216	0	13235	/jadwal-sidang/informasi/update/2
1	3	0	3	1	24745885	24745885	24745955	24745883	24745883	24745955	7966	/jadwal-sidang/informasi/update/1
1	3	0	0	0	24745786	0	0	24745017	0	0	1590	/jadwal-sidang/assets/struktur/images/photos/a.png
1	8	0	0	0	24770312	0	0	24735468	0	0	4620	/basic/web/css/site.css
1	6	0	0	0	24780025	0	0	24738594	0	0	62089	/jadwal-sidang/assets/92d43ce5/js/bootstrap-timepicker.js
1	20	20	0	3	24770312	0	24735466	24735468	0	24735462	26221	/basic/web/
1	0	0	0	1	0	0	24746308	0	0	24746308	0	/jadwal-sidang/persidangan
1	7	0	0	0	24780094	0	0	24736919	0	0	6152	/jadwal-sidang/assets/866c2952/dist/css/bootstrap-dialog.css
1	0	0	0	1	0	0	24738624	0	0	24738624	0	/browserconfig.xml
1	3	0	0	0	24745944	0	0	24745919	0	0	4856	/jadwal-sidang/informasi/3
1	3	0	0	0	24744337	0	0	24738994	0	0	15560	/jadwal-sidang/assets/2857ef22/gii.js
1	4	0	0	0	24781399	0	0	24745888	0	0	6653	/jadwal-sidang/informasi/2
1	0	0	4	0	0	24800631	0	0	24736896	0	0	/jadwal-sidang
1	3	0	0	0	24799458	0	0	24797789	0	0	1047	/jadwal-sidang/assets/slider/slider/css/full-slider.css
1	4	0	0	0	24745885	0	0	24745879	0	0	6881	/jadwal-sidang/informasi/1
1	7	0	0	0	24780025	0	0	24738594	0	0	418594	/jadwal-sidang/assets/6d69244a/js/select2.full.js
1	198	0	0	0	24799499	0	0	24736896	0	0	71183	/jadwal-sidang/css/site.css
1	199	0	0	0	24799499	0	0	24736896	0	0	2337253	/jadwal-sidang/assets/3ec09c6a/js/bootstrap.js
1	18	0	0	0	24800631	0	0	24744955	0	0	1872	/jadwal-sidang/assets/struktur/css/images/ui-bg_glass_100_f6f6f6_1x400.png
1	0	0	0	1	0	0	24797762	0	0	24797762	0	/jadwal-sidang/site/slider
1	197	0	0	0	24799499	0	0	24736896	0	0	3786008	/jadwal-sidang/assets/3ec09c6a/css/bootstrap.css
1	0	0	0	1	0	0	24744481	0	0	24744481	0	/jadwal-sidang/gii?173.252.124.229
1	237	0	0	0	24799499	0	0	24736896	0	0	15027201	/jadwal-sidang/assets/987d625c/jquery.js
1	0	0	1	0	0	24737447	0	0	24737447	0	0	/jadwal-sidang/backend
1	0	0	0	19	0	0	24745006	0	0	24744955	0	/jadwal-sidang/images/photos/d.png
1	25	25	0	0	24780446	0	0	24746147	0	0	67127	/jadwal-sidang/user/
1	26	0	0	0	24737178	0	0	24736913	0	0	49735	/jadwal-sidang/site/index
1	0	0	0	1	0	0	24737512	0	0	24737512	0	/jadwal-sidang/site/backend/index
1	4	0	2	0	24767916	24745614	0	24742751	24745612	0	12822	/jadwal-sidang/jadwal-sidang/update?id=1
1	0	0	0	1	0	0	24746288	0	0	24746288	0	/upaya-hukum
1	3	0	0	0	24770312	0	0	24735456	0	0	3210	/_autoindex/icons/unknown.png
1	1	1	0	0	24741701	0	0	24741701	0	0	1084	/jadwal-sidang/?210.57.215.134
1	70	0	0	0	24799458	0	0	24736896	0	0	11296876	/jadwal-sidang/images/logokejatinew.png
1	0	0	0	6	0	0	24739085	0	0	24739067	0	/jadwal-sidang/assets/global/plugins/simple-line-icons/simple-line-icons.min.css
1	0	0	0	1	0	0	24739116	0	0	24739116	0	/jadwal-sidang/cpanel
1	69	0	0	4	24781513	0	24746162	24745950	0	24746047	152527	/jadwal-sidang/view-rekapitulasi
1	9	0	0	0	24766370	0	0	24735469	0	0	8819	/basic/web/index.php?r=site/about
1	315	315	0	7	24802237	0	24799222	24736896	0	24737168	533302	/jadwal-sidang/
1	17	0	4	0	24780101	24736971	0	24736948	24736959	0	34336	/jadwal-sidang/tahanan/pasal-dilanggar?id=101
1	5	0	2	0	24735473	24735478	0	24735469	24735469	0	8942	/basic/web/index.php?r=site/login
1	4	4	0	0	24736913	0	0	24736910	0	0	7556	/jadwal-sidang/web/
1	0	0	0	2	0	0	24797762	0	0	24797762	0	/slider.php
1	40	0	0	8	24799487	0	24746335	24746272	0	24746262	93573	/jadwal-sidang/upaya-hukum/rincian?id=1
1	0	0	0	1	0	0	24737450	0	0	24737450	0	/jadwal-sidang/backend/master/sel
1	1	1	0	0	24735409	0	0	24735409	0	0	89	/?173.252.124.229
1	0	0	4	0	0	24799458	0	0	24767880	0	0	/?46.188.21.2
1	0	0	0	1	0	0	24736952	0	0	24736952	0	/rincian-sidang
1	2	2	0	0	24749768	0	0	24747720	0	0	2517	/jadwal-sidang/?66.102.6.27
1	11	0	0	0	24770312	0	0	24726897	0	0	1881	/_autoindex/icons/blank.png
1	0	0	0	7	0	0	24799222	0	0	24799213	0	/jadwal-sidang/siltslider/siltslider/js/modernizr.custom.79639.js
1	0	0	0	129	0	0	24800611	0	0	24726897	0	/favicon.ico
1	0	0	1	0	0	24766336	0	0	24766336	0	0	/basic?46.188.21.2
1	3	0	0	0	24766337	0	0	24735469	0	0	23673	/basic/web/assets/c1b09b86/yii.activeForm.js
1	130	0	0	0	24799499	0	0	24744935	0	0	73210	/jadwal-sidang/assets/struktur/css/primitives.latest.css
1	11	0	0	0	24781493	0	0	24738594	0	0	220480	/jadwal-sidang/assets/aa51cf1a/js/bootstrap-datepicker.js
1	0	0	0	2	0	0	24736909	0	0	24736909	0	/jadwal-sidang/jadwal-sidang/rincian?id=
1	2	0	0	0	24740144	0	0	24738777	0	0	3678	/jadwal-sidang/site/profil?210.57.215.134
1	5	0	1	0	24767941	24746279	0	24736915	24746279	0	10968	/jadwal-sidang/tahanan/pasal-terbukti?id=202
1	5	0	0	2	24746166	0	24744920	24744919	0	24744920	7969	/jadwal-sidang/user/view?id=fajar
1	50	0	0	0	24780032	0	0	24736905	0	0	102787	/jadwal-sidang/jadwal-sidang
1	7	0	0	0	24780025	0	0	24738594	0	0	35153	/jadwal-sidang/assets/6d69244a/css/select2.css
1	1	0	0	0	24746161	0	0	24746161	0	0	1745	/jadwal-sidang/user/view?id=susi
1	3	0	0	0	24799458	0	0	24797789	0	0	75588	/jadwal-sidang/assets/slider/slider/css/bootstrap.min.css
1	0	0	0	1	0	0	24737190	0	0	24737190	0	/logout
1	11	0	0	0	24781493	0	0	24738594	0	0	51618	/jadwal-sidang/assets/aa51cf1a/css/bootstrap-datepicker3.css
1	45	0	13	15	24780086	24745857	24745839	24736927	24737144	24744902	74072	/jadwal-sidang/user/create
1	3	3	0	0	24770312	0	0	24735456	0	0	2318	/basic/
1	0	0	0	1	0	0	24737183	0	0	24737183	0	/jadwal-sidang/site/site/profil
1	12	0	3	1	24781420	24745919	24745533	24744915	24745879	24745533	28638	/jadwal-sidang/informasi/create
1	0	0	0	2	0	0	24799223	0	0	24797805	0	/jadwal-sidang/assets/slider/slider/css/bootstrap.min.css.map
1	184	0	0	2	24800631	0	24744485	24737178	0	24744485	356510	/jadwal-sidang/site/profil
1	0	0	1	0	0	24736811	0	0	24736811	0	0	/?149.154.167.162
1	4	0	2	0	24746266	24746266	0	24746215	24746266	0	12802	/jadwal-sidang/detail-penentuan/update?id=1
1	0	0	0	1	0	0	24754971	0	0	24754971	0	/apple-touch-icon-120x120.png
1	0	0	0	19	0	0	24745006	0	0	24744955	0	/jadwal-sidang/images/photos/e.png
1	164	0	0	0	24799499	0	0	24739085	0	0	288666	/jadwal-sidang/assets/datatables/media/css/jquery.dataTables.min.css
1	7	0	0	0	24780094	0	0	24736919	0	0	14058	/jadwal-sidang/assets/12f5d313/js/dialog.js
1	1	0	0	0	24754273	0	0	24754273	0	0	1414	/jadwal-sidang/user/view?id=wahyu
1	2	0	1	0	24780029	24780029	0	24780029	24780029	0	4760	/jadwal-sidang/tahanan/pasal-dakwaan?id=404
1	0	0	0	1	0	0	24745016	0	0	24745016	0	/jadwal-sidang/asset/struktur/images/photos/a.png
1	8	0	0	0	24745950	0	0	24745585	0	0	11884	/jadwal-sidang/site/error
1	5	0	4	0	24780032	24780032	0	24780026	24780026	0	16588	/jadwal-sidang/jadwal-sidang/update?id=217
1	0	0	0	9	0	0	24739043	0	0	24739040	0	/vendor/DataTables-1.10.13/media/jquery.js
1	7	0	0	0	24780025	0	0	24738594	0	0	17297	/jadwal-sidang/assets/6d69244a/js/select2-krajee.js
1	7	0	1	1	24781511	24746133	24745657	24745656	24746133	24745657	19968	/jadwal-sidang/penentuan-perkara/create
1	1	0	0	0	24745609	0	0	24745609	0	0	1703	/jadwal-sidang/jadwal-sidang/view?id=2
1	0	0	1	0	0	24745886	0	0	24745886	0	0	/jadwal-sidang/informasi/delete/1
1	3	0	0	0	24745614	0	0	24736915	0	0	4645	/jadwal-sidang/jadwal-sidang/view?id=1
1	7	7	0	0	24791576	0	0	24753392	0	0	10392	/jadwal-sidang/?46.188.21.2
1	1	0	0	0	24746134	0	0	24746134	0	0	2243	/jadwal-sidang/penentuan-perkara/index
1	5	0	0	0	24746026	0	0	24745606	0	0	8840	/jadwal-sidang/spdp/1
1	0	0	0	8	0	0	24799222	0	0	24799213	0	/jadwal-sidang/siltslider/siltslider/css/custom.css
1	13	13	38	0	24735456	24799213	0	24726897	24735463	0	2777	/
1	11	0	0	0	24781493	0	0	24738594	0	0	4460	/jadwal-sidang/assets/2042e071/css/kv-widgets.css
1	0	0	0	97	0	0	24800631	0	0	24745873	0	/jadwal-sidang/foto/nganggur1.png.png
1	0	0	5	0	0	24801625	0	0	24774234	0	0	/?36.78.110.86
1	0	0	0	2	0	0	24737512	0	0	24737510	0	/jadwal-sidang/site/backend
1	0	0	0	2	0	0	24736911	0	0	24736910	0	/jadwal-sidang/web/rincian-sidang
1	0	0	0	8	0	0	24799222	0	0	24799213	0	/jadwal-sidang/siltslider/siltslider/css/style.css
1	3	0	0	0	24755679	0	0	24746308	0	0	70272	/jadwal-sidang/assets/3ec09c6a/fonts/glyphicons-halflings-regular.woff
1	48	0	0	1	24780101	0	24736900	24736902	0	24736900	77236	/jadwal-sidang/daftar-tahanan
1	22	0	0	0	24781422	0	0	24744885	0	0	45733	/jadwal-sidang/informasi
1	3	0	0	0	24754288	0	0	24746128	0	0	5456	/jadwal-sidang/berkas-pertama/view?id=1
1	7	0	0	0	24780094	0	0	24736919	0	0	48650	/jadwal-sidang/assets/33c2a226/js/kv-grid-export.js
1	0	0	0	1	0	0	24797801	0	0	24797801	0	/jadwal-sidang/js/jquery.js
1	11	0	0	0	24781493	0	0	24738594	0	0	8079	/jadwal-sidang/assets/aa51cf1a/js/datepicker-kv.js
1	12	0	0	0	24781511	0	0	24745656	0	0	25743	/jadwal-sidang/penentuan-perkara
1	1	0	0	0	24800618	0	0	24800618	0	0	33328	/jadwal-sidang/assets/slider/slider/img/background.jpg
1	0	0	9	0	0	24780405	0	0	24736832	0	0	/cpanel
1	13	0	5	0	24780101	24736967	0	24736948	24736967	0	26372	/jadwal-sidang/tahanan/pasal-terbukti?id=101
1	1	0	0	0	24735504	0	0	24735504	0	0	2711	/basic/web/index.php?r=site/captcha&v=587453d85296c
1	1	0	0	0	24782570	0	0	24782570	0	0	1843	/jadwal-sidang/berkas-pertama?36.78.110.86
1	193	0	0	9	24799307	0	24739100	24738933	0	24739027	280671	/jadwal-sidang/view-jadwal-sidang
1	0	0	0	1	0	0	24800635	0	0	24800635	0	/jadwal-sidang/kejarituban.arctoys.com/jadwal-sidang/assets/slider/slider/img/background.jpg
3	1	0	0	0	24750421	0	0	24750421	0	0	1991	http://yandex.ru/clck/jsredir?from=yandex.ru%3Bsearch%3Bweb%3B%3B&text=&etext=1307.cqebgjrmkA_eLweveoEMsmnkcpGC2c-pIYQi8md5tyTp3bOhtUGBuIRjLGQd0yDb.14087246337733d6236c0bb30b5969cde2e598ad&uuid=&state=_BLhILn4SxNIvvL0W45KSic66uCIg23qh8iRG98qeIXmeppkgUc0YMkOSpatjLUqgxH-XWLwn-g&data=UlNrNmk5WktYejR0eWJFYk1Ldmtxay1vNGU3TzZ2YzR3ZkVFYjlCellVLVI4bU00dnFlMUxIclVHSGVWNFl4dFBPQWxKcW9DVlhVT283ckZ4M2hnZWNoaGRLclJvSW9Fd0wzY2FHeHdwT3VwRDZRX2kxN09GcDRhZk5DZWtJOEwwbXk1ZzVGSFRDOFMwS2Z4M3RMYk9B&b64e=2&sign=6d2015e9b2275884e221b4b90271ed5f&keyno=0&cst=AiuY0DBWFJ7IXge4WdYJQe3IrxbPWIv4WMi_zkaPKUa6SgLi7sP4rCl3ybY3C_RbIvZmuWBWKKEjnwL1KB_cJwhWXXVGt--rCy5XrQzGJ7PaR1rxl44LPCV8l9yNQkExL1fJoWoR7R5NAwR2Ip_LGSjUCFClOntb&ref=orjY4mGPRjk5boDnW0uvlrrd71vZw9kp5uQozpMtKCXma_RTIh0ntCiQZaf5uWJyvhpIDkM2wbqiIN05izvxmHS7FyEThOGATWDq6IPybE1nCS14foWCvFUWtgNXj3U0&l10n=ru&cts=1484913483360&mc=3.62833976224
3	4	0	0	0	24745615	0	0	24745607	0	0	8893	http://kejatituban.arctoys.com/jadwal-sidang/spdp/1
3	2	0	0	0	24780094	0	0	24767190	0	0	4309	http://kejatituban.arctoys.com/jadwal-sidang/sel/index?_tog1149016d=all
3	0	0	0	1	0	0	24749897	0	0	24749897	0	http://yandex.ru/clck/jsredir?from=yandex.ru%3Bsearch%3Bweb%3B%3B&text=&etext=1307.nOyZJ1VIPx7aCv-I-5jSrjzwgRfc3LiS7jShLuk6vP8Xh22L1cV4XCHLdSjVBRm8.a1c60fd5d527a4f5a5ca7942da4ded6e8f8b2d23&uuid=&state=_BLhILn4SxNIvvL0W45KSic66uCIg23qh8iRG98qeIXmeppkgUc0YOm24rr5dkiDnIjpu2TfUVc&data=UlNrNmk5WktYejR0eWJFYk1Ldmtxay1vNGU3TzZ2YzR3ZkVFYjlCellVLVI4bU00dnFlMUxIclVHSGVWNFl4dFBPQWxKcW9DVlhYWXhzbXlpSnpnUml1NGtwTnY2RFM0cHdvRXVfUFhqbDVkUE1ZckJ4NzBuV21DMjhHa2g3b2lZcmotbkp4QWp6NVQtQXN2bk1WaUdR&b64e=2&sign=745c6ea14b8d6815ed6eb7bdb903d82a&keyno=0&cst=AiuY0DBWFJ7IXge4WdYJQYpgPUyh7uQlQ08G1IgHyRdu5yItAx3Rl8EWLXIWHH1uUHYZUtqZYXq9IC39Yf3AToMGmNTuhHNCTAd8TBTgcXaFFvziWsz5xUZIzx_JyNSLyEN5KeHrgW5fz_Cj9qaO4g&ref=orjY4mGPRjk5boDnW0uvlrrd71vZw9kp5uQozpMtKCXboeqr305aIL-JfAnxEvGlpVPzDmKVNVT7QYcWle15zQm9bTePfgddG4R0QTQeqmXjG0bsvGfSGfHDwscDOHWN&l10n=ru&cts=1484881571838&mc=2.34862570628
3	1	0	0	0	24745169	0	0	24745169	0	0	1820	http://yandex.ru/clck/jsredir?from=yandex.ru%3Bsearch%3Bweb%3B%3B&text=&etext=1303.8jRMqrD5iosjawZXVfrTMJafemIlLVCf05K2NHPVLkIrIzdaePM66JYwIFOzBPZM.aed112a770df15509a3887b480d912ea9417b812&uuid=&state=_BLhILn4SxNIvvL0W45KSic66uCIg23qh8iRG98qeIXmeppkgUc0YOm24rr5dkiDnIjpu2TfUVc&data=UlNrNmk5WktYejR0eWJFYk1Ldmtxay1vNGU3TzZ2YzR3ZkVFYjlCellVLVI4bU00dnFlMUxIclVHSGVWNFl4dFBPQWxKcW9DVlhVMVhRWWQtWVY2cDJFT0FkNDBJYWwtNXlpSnd1bW9idjBNdmFiNVFMZGJJcGJjT25SNEk5azhUVVF0WjRjNFJ4OUZRc2JEOEZ3eEp3&b64e=2&sign=ac5b55a299fba77bd702217e85aa2b5a&keyno=0&cst=AiuY0DBWFJ7IXge4WdYJQYpgPUyh7uQl4HGY4f6mPCH8OkAkGD9PMhB4Ga7HUPSiTy8QpuAum7VhX8FRRN6YNXy6MUQNFCLUxp6Q7gNB74PFR-BRzFhPwuKcBlSVldy_m5hBWBH1Hm4-_3Lbe0VSE1aCdNuXYzX_&ref=orjY4mGPRjk5boDnW0uvlrrd71vZw9kp5uQozpMtKCXdCnh-_wii4TBfuTWME0w-rlbjhAYhfqtnWDLgSvsQzKR5_qv-JnRGoj2Eoy4D8nc0UAx5brJvj4Zz96eNhjqN&l10n=ru&cts=1484598191670&mc=3.43913098462
3	719	22	11	124	24800631	24781438	24800635	24736896	24737169	24736896	19657063	http://kejatituban.arctoys.com/jadwal-sidang/
3	19	0	0	2	24781504	0	24745878	24745648	0	24745648	373988	http://kejatituban.arctoys.com/jadwal-sidang/berkas-pertama
3	2	2	1	1	24736811	24736811	24745921	24726897	24736811	24745921	1662	https://www.facebook.com/
3	1	0	0	0	24751150	0	0	24751150	0	0	1959	http://yandex.ru/clck/jsredir?from=yandex.ru%3Bsearch%3Bweb%3B%3B&text=&etext=1307.jx02Xva2w9rT1GApsxjwkDZ8R2d4XamofB0ktKoMD6kJ7ZjRGAxytPDcMXsZmxYu.165a089514b501f076956c8a9a77428c2ee5e118&uuid=&state=_BLhILn4SxNIvvL0W45KSic66uCIg23qh8iRG98qeIXmeppkgUc0YFUVNhHyyhJgRFg5yeLMIWU&data=UlNrNmk5WktYejR0eWJFYk1Ldmtxay1vNGU3TzZ2YzR3ZkVFYjlCellVLVI4bU00dnFlMUxIclVHSGVWNFl4dFBPQWxKcW9DVlhVT283ckZ4M2hnZWNoaGRLclJvSW9Fd0wzY2FHeHdwT3RJanBJWXMwRW1abHY3bHhmYjFGQi1fdlJBRXpBY0xuVHJ1cWx0MWtydERn&b64e=2&sign=e816e73667172b0deae2495f7fb1e0c6&keyno=0&cst=AiuY0DBWFJ7IXge4WdYJQULnoVAFacUfXDblVzdttGNPUg8UrTFzZi7g1mZsTl42VnUbGhrQDNUxLZ1eqOM9Zqbr40NddfJ1I10IMAnLTW8pnZpVOCEXpFoC5UntaWJkCqHsPrHIcpB7yoy6Zwd-ehV-7nx5W0Et&ref=orjY4mGPRjk5boDnW0uvlrrd71vZw9kp5uQozpMtKCWQWxj6qvocPwawntLrGyuIAYjqF28islqnAW1Q0tMleA8d8vkNtD9Ci3j85d1wkr_54A6xlpOiNg5WFENX2Pfc&l10n=ru&cts=1484956813441&mc=6.87087655765
3	3	0	0	0	24746215	0	0	24746134	0	0	7531	http://kejatituban.arctoys.com/jadwal-sidang/penentuan-perkara/view?id=1
3	1	1	0	0	24753392	0	0	24753392	0	0	1238	http://yandex.ru/clck/jsredir?from=yandex.ru%3Bsearch%3Bweb%3B%3B&text=&etext=1309.BitXbCPe_7mvioKHV4vZijdzXIXoFJwBZxHBkwDCQDQ6NnyxLcMc-_GlXeo6YJHU.015c3983bbe60bccc635d1a014723f384b8a0f0a&uuid=&state=_BLhILn4SxNIvvL0W45KSic66uCIg23qh8iRG98qeIXmeppkgUc0YL_nDC5hqtEQ6WayFoZKRZE&data=UlNrNmk5WktYejR0eWJFYk1Ldmtxay1vNGU3TzZ2YzR3ZkVFYjlCellVLVI4bU00dnFlMUxIclVHSGVWNFl4dFBPQWxKcW9DVlhVcGNHRURsNHhUbDUyY1UwYmg4N2NabXNfcVdFMnJ5SHhvVE1fYmJBc0ZYOEE1S1hyMEVUUVVDWC1VNWticHZJYw&b64e=2&sign=3a997e78e411e440142918e75724fc7e&keyno=0&cst=AiuY0DBWFJ7IXge4WdYJQYP93Xfrtkba0AxF6Iu50d-hcm9YEoBIJd7CdRI-G3GjLrjkCVm_KVgw_qDM7l3ce5Qmzbyw6Lx5X1mQCNH7GNvr6IZY-OO6CQfRSDSoXeRHo62EFAKpm8OK49RF4wVdNESPJRjp0mnJ&ref=orjY4mGPRjk5boDnW0uvlrrd71vZw9kp5uQozpMtKCX9U1h5sqoIO5URvwhDQ72j4J33QX67hJbYpxJeY5nbvRYsXwP9KbYGqQMIYATiMcOjia1kDtgE68lsDLOukNk4&l10n=ru&cts=1485091518636&mc=6.98735098251
3	30	0	0	3	24770312	0	24738574	24735462	0	24735469	739030	http://kejatituban.arctoys.com/basic/web/
3	7	0	0	5	24746217	0	24745932	24745887	0	24745919	14063	http://kejatituban.arctoys.com/jadwal-sidang/informasi/index
3	18	0	0	4	24780094	0	24745870	24736930	0	24745869	47091	http://kejatituban.arctoys.com/jadwal-sidang/user/index
3	3	1	0	0	24780101	0	0	24780094	0	0	8957	http://kejatituban.arctoys.com/jadwal-sidang/sel/create
3	3	0	0	0	24746166	0	0	24744923	0	0	5434	http://kejatituban.arctoys.com/jadwal-sidang/user/view?id=fajar
3	72	0	0	0	24780100	0	0	24736919	0	0	327041	http://kejatituban.arctoys.com/jadwal-sidang/sel
3	44	0	1	0	24781511	24746128	0	24745656	24746128	0	361914	http://kejatituban.arctoys.com/jadwal-sidang/berkas-pertama/create
3	125	32	10	7	24781484	24767883	24744485	24737447	24737514	24737506	1698902	http://kejatituban.arctoys.com/jadwal-sidang/backend/
3	16	0	2	0	24767916	24745614	0	24742751	24745612	0	88462	http://kejatituban.arctoys.com/jadwal-sidang/jadwal-sidang/update?id=1
3	4	0	1	0	24746291	24746279	0	24736915	24746279	0	8640	http://kejatituban.arctoys.com/jadwal-sidang/tahanan/pasal-terbukti?id=202
3	71	1	1	4	24780032	24738986	24736911	24736909	24738986	24736905	487195	http://kejatituban.arctoys.com/jadwal-sidang/jadwal-sidang
3	206	148	0	98	24800631	0	24800631	24745786	0	24745873	467229	http://kejatituban.arctoys.com/jadwal-sidang/struktur
3	15	0	4	0	24780101	24736971	0	24736948	24736959	0	30138	http://kejatituban.arctoys.com/jadwal-sidang/tahanan/pasal-dilanggar?id=101
3	1	0	0	0	24736952	0	0	24736952	0	0	1193	http://kejatituban.arctoys.com/jadwal-sidang/rincian-sidang/rincian
3	2	1	0	0	24754274	0	0	24754273	0	0	66611	http://kejatituban.arctoys.com/jadwal-sidang/user/view?id=wahyu
3	6	0	0	0	24767939	0	0	24736915	0	0	18182	http://kejatituban.arctoys.com/jadwal-sidang/tahanan/pasal-dakwaan?id=202
3	57	1	0	0	24780125	0	0	24736919	0	0	169700	http://kejatituban.arctoys.com/jadwal-sidang/tahanan
3	1	1	0	0	24776490	0	0	24776490	0	0	1238	http://yandex.ru/clck/jsredir?from=yandex.ru%3Bsearch%3Bweb%3B%3B&text=&etext=1325.MdOgOwXXuwAf1pM-hcVnH2-fWxx-9oMf961mpVhR804Ktq-BphFfV5CnqRhlvcvS.f63e77791ad2a090bf195d25e3962d25a8b3f722&uuid=&state=_BLhILn4SxNIvvL0W45KSic66uCIg23qh8iRG98qeIXmeppkgUc0YMkOSpatjLUqgxH-XWLwn-g&data=UlNrNmk5WktYejR0eWJFYk1Ldmtxay1vNGU3TzZ2YzR3ZkVFYjlCellVLVI4bU00dnFlMUxIclVHSGVWNFl4dFBPQWxKcW9DVlhVcGNHRURsNHhUbHhuY1otb2thTVd5X19GeThodURtMzJuZWlRckx0X2xNZUZMNVp0X1dCV29nYnd5TndieUxHWQ&b64e=2&sign=e1f7477d178293f65e3befea107abbfa&keyno=0&cst=AiuY0DBWFJ7IXge4WdYJQaYgAYq7JarrIoBZk1oTxDQs2YWJZe90UM44hRVlBUEpYi3tuUqzgCACAo_W0TkfVZVCHbt8Nw_FW-5bHBRClck1cvA_AODOPbad5gDmDzedZCs2pmRtvpgn_HxuhJiXo1vS2wqdoZrl&ref=orjY4mGPRjk5boDnW0uvlrrd71vZw9kp5uQozpMtKCWAB4NbWhozjk2Gjfq-2CXlzVL1CkWBLydRi93RX_Ebmfs85eway6dwFK9kyZjq1GdhjhS4Tj6hKJz0N9Aw0vvP&l10n=ru&cts=1486475901360&mc=5.08127958083
3	3	0	1	0	24780082	24780030	0	24780030	24780030	0	7590	http://kejatituban.arctoys.com/jadwal-sidang/tahanan/pasal-dilanggar?id=404
3	1	1	0	0	24775233	0	0	24775233	0	0	1238	http://yandex.ru/clck/jsredir?from=yandex.ru%3Bsearch%3Bweb%3B%3B&text=&etext=1324.q4Rc0NZ9wU9lFdF-FmV9bpk55ci3EGc75Tt-R520vh0DWdsCpvgd8hlbSrP6mK4a.079c4db8df89fbb11a932f5bcc4e4b1093d42508&uuid=&state=_BLhILn4SxNIvvL0W45KSic66uCIg23qh8iRG98qeIXmeppkgUc0YD4hgzqAYr5iuWBiLZQy-rY&data=UlNrNmk5WktYejR0eWJFYk1Ldmtxay1vNGU3TzZ2YzR3ZkVFYjlCellVLVI4bU00dnFlMUxIclVHSGVWNFl4dFBPQWxKcW9DVlhVcGNHRURsNHhUbDdxNi1XLUFnblI4WGRmd0NKRXRJaHNLUExYS1UxaDBEOTkxV3RVWXhYUGNvZElOWFZvUkdFOA&b64e=2&sign=d42bdb0895e466a456bfa15889dd1b35&keyno=0&cst=AiuY0DBWFJ7IXge4WdYJQYP93XfrtkbaE1Fl3Eu3eocdgDZucwMO7i_F2ScYySNnhwDpDj3wALe0578NyJcPPdhSEFGjw5I2ZrhCyMrJmTwoQmhmEL4GL2GdJycFJJH69tfyeTrhGuBbpbYidFM7qszLbnZ3-GhX&ref=orjY4mGPRjk5boDnW0uvlrrd71vZw9kp5uQozpMtKCXt84gHdAwCvCc2ZHmuCfmWmHxQSMXwlU7sgH4MxKNOWC048K4cuDtTEIqLMVox-TMfp7dqHGY-s59G8NhqY38o&l10n=ru&cts=1486402192154&mc=5.29564723931
3	0	0	0	1	0	0	24750402	0	0	24750402	0	http://yandex.ru/clck/jsredir?from=yandex.ru%3Bsearch%3Bweb%3B%3B&text=&etext=1307.Qshqly5ey0Lbt0b5njWiJSSG_azFsGQGFhv4JMr1TsW-KRLgazo2PCGWyjhmV_0x.aafda41eb3f3e40c767cc40ddf5f8f31374af437&uuid=&state=_BLhILn4SxNIvvL0W45KSic66uCIg23qh8iRG98qeIXmeppkgUc0YCYBcIrWNUha-mUlBiA3OhY&data=UlNrNmk5WktYejR0eWJFYk1Ldmtxay1vNGU3TzZ2YzR3ZkVFYjlCellVLVI4bU00dnFlMUxIclVHSGVWNFl4dFBPQWxKcW9DVlhYWXhzbXlpSnpnUm5GaFR5T3RfOV9ycFNuVzJFMzNJTk9maTdqMmhjQXF0VGJIaG1ad3hmOWZQWmk1UUpVYU0tMmNZeGFzY0lnMndB&b64e=2&sign=d180be75a4141edec49da8e1da306c8c&keyno=0&cst=AiuY0DBWFJ7IXge4WdYJQYuwSQLovbTTTHHVwKrKGEfEnNanDFro3M9cBF8-VS1o_y8NIy5IcRaF36fQOwzmUtZV8kUAwPrwJOwNGEfK0Rb4jGKUkEs99Tpf9xWG0WyEsrNE5DoJBU6DvQfZL6jMkBIiY-zJdwp7&ref=orjY4mGPRjk5boDnW0uvlrrd71vZw9kp5uQozpMtKCVz9TJ3Mp6DkcWA7njRGzfDKj1emxGRAklmpaekeYMehDG_Fx0tpzaHC_IxJG2ggrw8nQsybekZzAwhhXWqx6mf&l10n=ru&cts=1484912037144&mc=4.66105960824
3	25	0	0	0	24780101	0	0	24736905	0	0	47894	http://kejatituban.arctoys.com/jadwal-sidang/tahanan/biodata?id=101
3	12	1	1	1	24781511	24767190	24745657	24745656	24767190	24745657	121299	http://kejatituban.arctoys.com/jadwal-sidang/penentuan-perkara
3	1	0	0	0	24780029	0	0	24780029	0	0	2343	http://kejatituban.arctoys.com/jadwal-sidang/tahanan/biodata?id=404
3	5	0	3	2	24746166	24746166	24744920	24744919	24744919	24744920	7969	http://kejatituban.arctoys.com/jadwal-sidang/user/update?id=fajar
3	19	1	4	0	24781422	24781418	0	24744915	24745879	0	228061	http://kejatituban.arctoys.com/jadwal-sidang/informasi/create
3	19	1	0	2	24798054	0	24726897	24726897	0	24726897	503519	http://kejatituban.arctoys.com/
3	7	0	0	0	24780025	0	0	24738594	0	0	5929	http://kejatituban.arctoys.com/jadwal-sidang/assets/2042e071/css/kv-widgets.css
3	2	0	0	0	24737184	0	0	24737184	0	0	4008	http://kejatituban.arctoys.com/jadwal-sidang/profil
3	10	0	0	0	24736911	0	0	24736910	0	0	145935	http://kejatituban.arctoys.com/jadwal-sidang/web/rincian-sidang
3	5	0	0	0	24737474	0	0	24737450	0	0	9592	http://kejatituban.arctoys.com/jadwal-sidang/backend/sel
3	2	2	1	1	24737222	24737191	24737190	24737191	24737191	24737190	3752	http://kejatituban.arctoys.com/jadwal-sidang/logout
3	2	0	0	0	24737183	0	0	24737183	0	0	4003	http://kejatituban.arctoys.com/jadwal-sidang/jadwal-sidangprofil
3	48	0	13	17	24780090	24745857	24745839	24736927	24737144	24737146	82182	http://kejatituban.arctoys.com/jadwal-sidang/user/create
3	0	0	0	1	0	0	24749889	0	0	24749889	0	http://yandex.ru/clck/jsredir?from=yandex.ru%3Bsearch%3Bweb%3B%3B&text=&etext=1307.XznEjU1Ksb3NyFZ_A7dmWR5rM9KjOIfz1kEd8hVzA-dpd-KD_ZfospNrfmBCOBs-.cef7c679df6324c30dbcfec474f7bcabddd1f2bc&uuid=&state=_BLhILn4SxNIvvL0W45KSic66uCIg23qh8iRG98qeIXmeppkgUc0YGftRg9cP1erjBfVTUcXDXk&data=UlNrNmk5WktYejR0eWJFYk1Ldmtxay1vNGU3TzZ2YzR3ZkVFYjlCellVLVI4bU00dnFlMUxIclVHSGVWNFl4dFBPQWxKcW9DVlhYWXhzbXlpSnpnUml1NGtwTnY2RFM0QlJNT2RLMWpDUDhDQVpmUEpmOTU4WC1rdElqRlhiai1TSWg4dVpGb3l0Si00OXpxN0JhRlFB&b64e=2&sign=d06fdcb8131c9d4939bd8d9329d5d86b&keyno=0&cst=AiuY0DBWFJ7IXge4WdYJQSaYtyyri96FH0D59xzSObZVRz-4Dchu2RmYAYnNgUJCQa2dkTeLkl-sldiiNOvPbXrQkSNosjWlU-ttZS7zu0RkicNo5ae1P8jBZg2rnxU8uT4PwjfIsKJvjXbrz_WQEbPFgN1Js7tP&ref=orjY4mGPRjk5boDnW0uvlrrd71vZw9kp5uQozpMtKCUCAfAK9F5vOKk5GfKxVkprh7H7YVMXj7h0JIzogBr1SivFg8izXjFiIS7_JsfrJwOZpZmFPFFuag-W9oF_EilU&l10n=ru&cts=1484879248960&mc=5.77813926136
3	90	47	0	0	24737182	0	0	24736915	0	0	116402	http://kejatituban.arctoys.com/jadwal-sidang/site/index
3	2	0	1	0	24736933	24736933	0	24736933	24736933	0	3961	http://kejatituban.arctoys.com/jadwal-sidang/tahanan/updatepasaldilanggar/3
3	361	21	2	28	24797768	24744499	24784815	24737185	24742752	24737181	7018159	http://kejatituban.arctoys.com/jadwal-sidang/site/profil
3	2	1	0	0	24726901	0	0	24726901	0	0	1228	http://kejatituban.arctoys.com/botTelegram/
3	4	0	1	0	24754273	24754273	0	24754272	24754273	0	66740	http://kejatituban.arctoys.com/jadwal-sidang/user/update?id=wahyu
3	4	0	0	0	24746285	0	0	24746208	0	0	9507	http://kejatituban.arctoys.com/jadwal-sidang/detail-penentuan/index
3	1	0	0	0	24737223	0	0	24737223	0	0	1758	http://kejatituban.arctoys.com/jadwal-sidang/tahanan/101
3	13	0	1	0	24736909	24735470	0	24735470	24735470	0	150064	http://kejatituban.arctoys.com/basic/web/index.php
3	29	0	0	0	24780446	0	0	24746147	0	0	208628	http://kejatituban.arctoys.com/jadwal-sidang/user/
3	1	0	0	0	24780027	0	0	24780027	0	0	3320	http://kejatituban.arctoys.com/jadwal-sidang/jadwal-sidang/rincian?id=217
3	36	0	0	0	24800631	0	0	24744955	0	0	3692	http://kejatituban.arctoys.com/jadwal-sidang/assets/struktur/css/primitives.latest.css
3	5	0	4	0	24780032	24780032	0	24780026	24780026	0	9382	http://kejatituban.arctoys.com/jadwal-sidang/jadwal-sidang/update?id=217
3	4	0	3	0	24746176	24746176	0	24746165	24746165	0	7012	http://kejatituban.arctoys.com/jadwal-sidang/user/update?id=yan
3	51	0	0	0	24781493	0	0	24745554	0	0	445040	http://kejatituban.arctoys.com/jadwal-sidang/spdp
3	10	0	0	0	24780030	0	0	24780026	0	0	18744	http://kejatituban.arctoys.com/jadwal-sidang/jadwal-sidang/view?id=217
3	1	1	0	0	24749953	0	0	24749953	0	0	1982	http://yandex.ru/clck/jsredir?from=yandex.ru%3Bsearch%3Bweb%3B%3B&text=&etext=1307.c64BdJ2sD5YBSV4D-95MrzuC2VirG93oHI3G07FbOZp48jrjCmN5x1gig0Z4MFTt.2f90979949c35a9569409dc312aa67ef88be96a4&uuid=&state=_BLhILn4SxNIvvL0W45KSic66uCIg23qh8iRG98qeIXmeppkgUc0YKCJkrjchpDstTwxTkjwGrA&data=UlNrNmk5WktYejR0eWJFYk1Ldmtxay1vNGU3TzZ2YzR3ZkVFYjlCellVLVI4bU00dnFlMUxIclVHSGVWNFl4dFBPQWxKcW9DVlhVZWNMcUtkNnYtZFlJeEh0ZFhBWmJYQTVGazlDeWVob1lrVDhESXpnZ0hfcmpweUEyX1JtazFnWXVyd1ZWOWFqQVVZZzBBM2NVcXJ3&b64e=2&sign=eb9e168fcd1690c05c5b30a7f334a919&keyno=0&cst=AiuY0DBWFJ7IXge4WdYJQSaYtyyri96FfIo_bQDBFqZw3LSoQux2PVGs1BtlNqxhvSCHIyokh2BVNPdlzQTYAwioQa0cgVg-ooGHXdn0TIO_rzbTM1KzhZLxXvRhHVQd9ix4nR3LUbMNFetH8ylXNu-B_A_8j2ng&ref=orjY4mGPRjk5boDnW0uvlrrd71vZw9kp5uQozpMtKCXEfKO1imoOE0XnwKy_0P2cgMNWSo2KLlP06UwVk66x8f6c4xln1ThahKXqdXfgdcKXxAiMblt_eY8K3KV1r9S4&l10n=ru&cts=1484884305912&mc=4.26728157227
3	154	0	0	23	24780027	0	24767914	24736914	0	24736909	761673	http://kejatituban.arctoys.com/jadwal-sidang/rincian-sidang
3	438	9	3	18	24799307	24780026	24739100	24738947	24738998	24739027	5971839	http://kejatituban.arctoys.com/jadwal-sidang/view-jadwal-sidang
3	8	0	1	0	24780028	24745609	0	24736915	24745609	0	17526	http://kejatituban.arctoys.com/jadwal-sidang/jadwal-sidang/index
3	1	0	0	0	24755126	0	0	24755126	0	0	1306	http://yandex.ru/clck/jsredir?from=yandex.ru%3Bsearch%3Bweb%3B%3B&text=&etext=1310.Y253njVPaPB-cJx7DrFb3UngEPu528Dft26KhSYjPsY-u5jwI1u8tz8Gwvk2MPsr.65be5eea0ec922bc42f3d79f61a3a498d1d7733c&uuid=&state=_BLhILn4SxNIvvL0W45KSic66uCIg23qh8iRG98qeIXmeppkgUc0YMkOSpatjLUqgxH-XWLwn-g&data=UlNrNmk5WktYejR0eWJFYk1Ldmtxay1vNGU3TzZ2YzR3ZkVFYjlCellVLVI4bU00dnFlMUxIclVHSGVWNFl4dFBPQWxKcW9DVlhWZWpVYkZjOUQzWmFoLTFJb3pyZVlMaVpXX3U2NndldkZOdUJ0eU5IRmNuTHpYZVlBUkVUWkxJVkgxR2RMX1RBakZiM3E2aUliald3&b64e=2&sign=89e3a37eccf49243107b79f0d15d84f8&keyno=0&cst=AiuY0DBWFJ7IXge4WdYJQSaYtyyri96F_AFuKsD3PuCLv-jSPJNlj7W0WABTY3839E4m-XJfOdT9DodsEVFFJpjqhtUB4CTlBPkZS9bNHVg9u044ldjPBycIG-otsleRtjXP-5dunRfBpmr97G8zcWD2SH1hUxNM&ref=orjY4mGPRjk5boDnW0uvlrrd71vZw9kp5uQozpMtKCWQWxj6qvocP4kXfVIakk_73uIUQ_ac_FUs79NTFaxGNb1cTEAoICYVVaUWf0C4VxYgVJ8VUKYdqc-g9LIB_wuf&l10n=ru&cts=1485195079422&mc=3.71063218436
3	42	1	1	6	24767924	24740002	24736954	24736915	24740002	24736952	133791	http://kejatituban.arctoys.com/jadwal-sidang/jadwal-sidang/rincian?id=1
3	13	0	5	0	24780101	24736967	0	24736948	24736967	0	23382	http://kejatituban.arctoys.com/jadwal-sidang/tahanan/pasal-terbukti?id=101
3	7	0	1	0	24781504	24745606	0	24745583	24745606	0	104952	http://kejatituban.arctoys.com/jadwal-sidang/spdp/create
3	11	0	0	1	24746260	0	24746260	24746260	0	24746260	301220	http://kejatituban.arctoys.com/jadwal-sidang/rincian?id=1
3	0	0	0	3	0	0	24737486	0	0	24737485	0	http://kejatituban.arctoys.com/jadwal-sidang/backend/views/
3	1	0	0	0	24780030	0	0	24780030	0	0	2419	http://kejatituban.arctoys.com/jadwal-sidang/tahanan/pasal-terbukti?id=404
3	28	0	6	0	24780101	24736980	0	24736905	24736957	0	63403	http://kejatituban.arctoys.com/jadwal-sidang/tahanan/pasal-dakwaan?id=101
3	169	60	45	18	24799229	24781482	24744505	24737143	24737162	24737141	709950	http://kejatituban.arctoys.com/jadwal-sidang/site/login
3	9	0	2	0	24746266	24746266	0	24746215	24746266	0	60166	http://kejatituban.arctoys.com/jadwal-sidang/detail-penentuan/update?id=1
3	2	0	1	0	24780030	24780029	0	24780029	24780029	0	4757	http://kejatituban.arctoys.com/jadwal-sidang/tahanan/pasal-dakwaan?id=404
3	1	0	0	0	24745878	0	0	24745878	0	0	1901	http://kejatituban.arctoys.com/jadwal-sidang/infromasi
3	26	0	0	3	24780029	0	24746294	24746176	0	24746192	128823	http://kejatituban.arctoys.com/jadwal-sidang/detail-penentuan
3	2	0	1	0	24746197	24746197	0	24746157	24746197	0	4004	http://kejatituban.arctoys.com/jadwal-sidang/penentuan-perkara/update?id=1
3	68	0	0	5	24799308	0	24799290	24746288	0	24746288	299246	http://kejatituban.arctoys.com/jadwal-sidang/upaya-hukum/rincian?id=1
3	54	0	0	18	24780101	0	24745913	24736905	0	24736902	86924	http://kejatituban.arctoys.com/jadwal-sidang/daftar-tahanan
3	11	0	0	0	24746283	0	0	24746198	0	0	24094	http://kejatituban.arctoys.com/jadwal-sidang/detail-penentuan/view?id=1
3	40	0	0	0	24781398	0	0	24736905	0	0	432672	http://kejatituban.arctoys.com/jadwal-sidang/assets/3ec09c6a/css/bootstrap.css
3	1	1	0	0	24749841	0	0	24749841	0	0	1280	http://yandex.ru/clck/jsredir?from=yandex.ru%3Bsearch%3Bweb%3B%3B&text=&etext=1307.cN0eXxhD3Qy0nPH3UnD4-ZWjg4FwcB3GgsvbSoq6jg73JkNnL_eJlpXqFmAMpzSz.584acc2bfdb5aa9ca845f994a7f95ed4552baca6&uuid=&state=_BLhILn4SxNIvvL0W45KSic66uCIg23qh8iRG98qeIXmeppkgUc0YCYBcIrWNUha-mUlBiA3OhY&data=UlNrNmk5WktYejR0eWJFYk1Ldmtxay1vNGU3TzZ2YzR3ZkVFYjlCellVLVI4bU00dnFlMUxIclVHSGVWNFl4dFBPQWxKcW9DVlhVcGNHRURsNHhUbDJBNDhYTUsxMWUtSnNnd0k2cWNYYVZoeFNYUmM3a0s5c0M4N05UTUVVV3NKT1NjY1d4eG5DUQ&b64e=2&sign=1b1c48afa5b2aeab814889cdfb867a3c&keyno=0&cst=AiuY0DBWFJ7IXge4WdYJQXbYQp9t5VF6qnG2AyeJVUB1-58OHiOpWRxcoFXEA2ytEtr76UKcA-iPH0vSHGV6erTHM9Dax4GD8SiQUU3Qsf1FWbwfhFwj-cfecGW-H7u24HxC04myw4wrahpHD_-dvoPhtasolD_l&ref=orjY4mGPRjk5boDnW0uvlrrd71vZw9kp5uQozpMtKCWblzLiN0_vdlxHmaR3I1C9Zt407IpwQF1c7ET3nEAukApRev9btrd1uvC5FNO2EhQY9K0mDIwGiC6DhafoWoAz&l10n=ru&cts=1484878502558&mc=2.16646715986
3	1	1	0	0	24726897	0	0	24726897	0	0	359	http://l.facebook.com/lsr.php?u=http://kejatituban.arctoys.com/&ext=1483502557&hash=AcnQzqiXW-KMKCdaU95VQOO90Hwht1oLq5dFVdLl9qWs6Q
3	1	0	0	0	24753541	0	0	24753541	0	0	1304	http://yandex.ru/clck/jsredir?from=yandex.ru%3Bsearch%3Bweb%3B%3B&text=&etext=1309.IB-Ja-JUH7KGe7KRUsUiFICA_JglwQwayW4MNdCV_sTWp0bCDG5FtnwfpCV3Aqpu.d65c87b11e808745ba7f71f2b5bdc82b7e9d5a62&uuid=&state=_BLhILn4SxNIvvL0W45KSic66uCIg23qh8iRG98qeIXmeppkgUc0YLeQVNu7TCjFWhspMNrg36Y&data=UlNrNmk5WktYejR0eWJFYk1Ldmtxay1vNGU3TzZ2YzR3ZkVFYjlCellVLVI4bU00dnFlMUxIclVHSGVWNFl4dFBPQWxKcW9DVlhWZWpVYkZjOUQzWmFoLTFJb3pyZVlMSDdMbW4tVFpzT0VLcXFYRFp2TUpZMGxwd09NYnN1SWxvY2N2ZUFWak9aSm41TmJrT2JUR1pR&b64e=2&sign=9703a155e7225989e20e6f9e17e30a96&keyno=0&cst=AiuY0DBWFJ7IXge4WdYJQYpgPUyh7uQlKYCadoNTKthq8qKtYVhNk6aUonrjJfOi48f3j81Rh4er0bo3EUju3EcXoTgLsJDbIdxNaP7qxxSCcwlGCb_nnPfQ4xdPoiy2YhKzFa1GO5t_hsqijWYxKQ&ref=orjY4mGPRjk5boDnW0uvlrrd71vZw9kp5uQozpMtKCXdCnh-_wii4TXuQwb752U4yhd0FlEr6xQzbKBzDkwYsoxXQuCe8W3bO2IBZhbPaaRRxiEutctGuVvzRtpLenO5&l10n=ru&cts=1485097597166&mc=3.85568173935
3	28	0	0	0	24749898	0	0	24744385	0	0	514676	http://kejatituban.arctoys.com/jadwal-sidang/gii/crud
3	1	1	0	0	24775712	0	0	24775712	0	0	1951	http://yandex.ru/clck/jsredir?from=yandex.ru%3Bsearch%3Bweb%3B%3B&text=&etext=1324.Myl93IwFowLNaL3Uou_Ix3cr2hssg61Eq6egnYirzv42LEGzN63xviNegTx5hFQF.30d6982d321119108d1c1c2ea222607a58c2bac8&uuid=&state=_BLhILn4SxNIvvL0W45KSic66uCIg23qh8iRG98qeIXmeppkgUc0YOm24rr5dkiDnIjpu2TfUVc&data=UlNrNmk5WktYejR0eWJFYk1Ldmtxay1vNGU3TzZ2YzR3ZkVFYjlCellVLVI4bU00dnFlMUxIclVHSGVWNFl4dFBPQWxKcW9DVlhVZWNMcUtkNnYtZFlJeEh0ZFhBWmJYQTlTc3lfemtFb3BHSGpLSDBIbUk4S2JuX1lwUExVWkx3eVVjNGNpSGZadFA1bE9iWjR1aTRR&b64e=2&sign=79de3b691f82a7f3cb30e6b3757b6a33&keyno=0&cst=AiuY0DBWFJ7IXge4WdYJQSaYtyyri96FnhX_zFP4m1DqJXZP2k2LVsYy3_Rg1iME7KYhYHSNwQ2OqYu9DB2v2s7Z5-eut_bG-xA75TNkrZILaDpPaQQ-QwbswQ-m230zoUra_J7RNzfVUVyyTTSGmzZbWij8tQDO&ref=orjY4mGPRjk5boDnW0uvlrrd71vZw9kp5uQozpMtKCWbgDHRNa-0ylyyB-M7-8d16bs5ceFuqZQ-PpVFv7IBxTtGZgM7wbQIHCdre2US2e9Il_gjI4VZxZYCcbKlyx_b&l10n=ru&cts=1486430956426&mc=6.80521239247
3	2	0	1	0	24746217	24745934	0	24745934	24745934	0	4526	http://kejatituban.arctoys.com/jadwal-sidang/informasi/update/3
3	4	1	1	0	24781436	24746216	0	24745944	24746216	0	99164	http://kejatituban.arctoys.com/jadwal-sidang/informasi/update/2
3	3	0	3	0	24745885	24745885	0	24745883	24745883	0	5161	http://kejatituban.arctoys.com/jadwal-sidang/informasi/update/1
3	36	2	0	1	24781429	0	24745533	24744885	0	24745533	848667	http://kejatituban.arctoys.com/jadwal-sidang/informasi
3	6	4	0	1	24737189	0	24737182	24737182	0	24737182	11926	http://kejatituban.arctoys.com/jadwal-sidang/jadwal-sidangsite/profil
3	3	0	0	0	24745614	0	0	24736915	0	0	6244	http://kejatituban.arctoys.com/jadwal-sidang/jadwal-sidang/view?id=1
3	9	0	2	0	24754287	24745614	0	24745608	24745608	0	92210	http://kejatituban.arctoys.com/jadwal-sidang/spdp/update/1
3	17	0	0	0	24746212	0	0	24746142	0	0	38975	http://kejatituban.arctoys.com/jadwal-sidang/penentuan-perkara/index
3	4	0	0	1	24745950	0	24745918	24745604	0	24745918	8262	http://kejatituban.arctoys.com/jadwal-sidang/site/error
3	71	2	1	2	24781513	24780444	24746047	24745961	24780444	24746047	631097	http://kejatituban.arctoys.com/jadwal-sidang/view-rekapitulasi
3	1	0	0	0	24753842	0	0	24753842	0	0	1308	http://yandex.ru/clck/jsredir?from=yandex.ru%3Bsearch%3Bweb%3B%3B&text=&etext=1309.ep64Q1qSwn2d45UJ5fFdMgoKwqsVZ_gBojJG8VSdVjonarJYlcGt_WgN3XCO9lcD.4c985ee581e01546790189c5bc0baf23f3e78048&uuid=&state=_BLhILn4SxNIvvL0W45KSic66uCIg23qh8iRG98qeIXmeppkgUc0YCYBcIrWNUha-mUlBiA3OhY&data=UlNrNmk5WktYejR0eWJFYk1Ldmtxay1vNGU3TzZ2YzR3ZkVFYjlCellVLVI4bU00dnFlMUxIclVHSGVWNFl4dFBPQWxKcW9DVlhWZWpVYkZjOUQzWmFoLTFJb3pyZVlMbklHQkRDZmI1NlRSakJsRTVrSlh4TlBYREVPY0ZzSy1nejlfMW1ydThpNFpGZmRfQ1hqY0tR&b64e=2&sign=1282e7e0c460f5289e6e682d2e6dd615&keyno=0&cst=AiuY0DBWFJ7IXge4WdYJQa9gkHE_3kbid-cnCseS2pjPxyd3Dr5cvgckoXlW5AJCtIDT_rvHhG8R6baewxih1coHah_nWJkgP_C510xZGZjFAGUx4TbtL03jjEp9Qfu5Mqc-sghNamjHFcqjuMojhrOfVjTvb9Rv&ref=orjY4mGPRjk5boDnW0uvlrrd71vZw9kp5uQozpMtKCW4RgmAu5ryJH1kVcMgjkq9SMxCA7ZGL1UvR49pPmmYlNe2QEjB_uM0ShAju_26FoKQAbVLrej966v36mPLf5LG&l10n=ru&cts=1485118594622&mc=2.16287078125
3	1	1	0	0	24745785	0	0	24745785	0	0	1199	http://www.google.com/search
3	3	0	0	0	24766370	0	0	24735469	0	0	3729	http://kejatituban.arctoys.com/basic/web/index.php?r=site/index
3	66	0	2	0	24780026	24780026	0	24738594	24745609	0	611852	http://kejatituban.arctoys.com/jadwal-sidang/jadwal-sidang/create
3	69	2	0	141	24780086	0	24745016	24736900	0	24736900	767196	http://kejatituban.arctoys.com/jadwal-sidang/user
3	6	0	0	0	24746177	0	0	24746166	0	0	11907	http://kejatituban.arctoys.com/jadwal-sidang/user/view?id=yan
3	86	0	0	0	24799488	0	0	24739102	0	0	10830	http://kejatituban.arctoys.com/jadwal-sidang/assets/datatables/media/css/jquery.dataTables.min.css
3	5	0	0	1	24745626	0	24745626	24745607	0	24745626	13271	http://kejatituban.arctoys.com/jadwal-sidang/spdp/index
3	16	1	0	3	24770312	0	24770312	24735456	0	24735462	15376	http://kejatituban.arctoys.com/basic/
3	20	0	0	0	24744381	0	0	24738931	0	0	208264	http://kejatituban.arctoys.com/jadwal-sidang/gii
3	79	2	2	0	24797768	24746237	0	24745934	24745957	0	1551969	http://kejatituban.arctoys.com/jadwal-sidang/page-info
3	16	0	1	8	24746161	24746161	24746161	24746150	24746161	24746149	12357	http://kejatituban.arctoys.com/jadwal-sidang/user/update?id=susi
3	5	0	0	6	24736910	0	24736913	24736910	0	24736910	491152	http://kejatituban.arctoys.com/jadwal-sidang/web/
3	1	1	0	0	24750623	0	0	24750623	0	0	1949	http://yandex.ru/clck/jsredir?from=yandex.ru%3Bsearch%3Bweb%3B%3B&text=&etext=1307.zZvdVb_OsOu1S0tEDzX488HXTbkC4JNTMidaXW7EurHaWH1PtjDRq8mB-gfmXVli.f046ee5822b7ca74a20298e58c1f9c04bf9cc38a&uuid=&state=_BLhILn4SxNIvvL0W45KSic66uCIg23qh8iRG98qeIXmeppkgUc0YM1sNxN_KHOPADPyHdOKa1Y&data=UlNrNmk5WktYejR0eWJFYk1Ldmtxay1vNGU3TzZ2YzR3ZkVFYjlCellVLVI4bU00dnFlMUxIclVHSGVWNFl4dFBPQWxKcW9DVlhVZWNMcUtkNnYtZFlJeEh0ZFhBWmJYaWhLVVF5RVFRbC12cWlRaU9WYjFYVkFEeENkODhzYTZ1YVBlWUI0Ql8ycXk5ZEY4RUk5VFN3&b64e=2&sign=9eb1007128168d29296da896bcad12ee&keyno=0&cst=AiuY0DBWFJ7IXge4WdYJQXbYQp9t5VF6R5Lan3IWrqsrhMHC5tV97EW8xHS7rPAD7DN1QRsmOhz0Tsl0-MGBuvvCG4ftU4-kadl42ohcCnBitMenJwyXMYXW25HenIdU4oAP5D8qgig1t-JDV7FX8A&ref=orjY4mGPRjk5boDnW0uvlrrd71vZw9kp5uQozpMtKCXdCnh-_wii4QhWtBfpfeQycz_C4qoG3AEZYFVdFo7OI6JEydBJofrz9fd88mfyzlxcSzY1ZuWMxRBM6KsVLmlc&l10n=ru&cts=1484921929801&mc=4.78608224969
3	1	1	1	0	24737513	24737513	0	24737513	24737513	0	1905	http://kejatituban.arctoys.com/jadwal-sidang/site/backend/index
3	14	0	4	0	24767941	24739111	0	24736915	24736933	0	26002	http://kejatituban.arctoys.com/jadwal-sidang/tahanan/pasal-dilanggar?id=202
3	11	0	1	0	24766339	24736909	0	24735504	24736909	0	23740	http://kejatituban.arctoys.com/basic/web/index.php?r=site/contact
3	3	0	1	0	24781511	24746133	0	24745848	24746133	0	97623	http://kejatituban.arctoys.com/jadwal-sidang/penentuan-perkara/create
3	0	0	0	1	0	0	24751090	0	0	24751090	0	http://yandex.ru/clck/jsredir?from=yandex.ru%3Bsearch%3Bweb%3B%3B&text=&etext=1307.fmkt7SZHmccAX2EIxz5Vvt9MqxiEYT8K8Ql5AfLA6dfySrHbLbbXC3GlMCcYlWUa.a7ffbf8c9fc59c455fc030bf2da1823fa080e10c&uuid=&state=_BLhILn4SxNIvvL0W45KSic66uCIg23qh8iRG98qeIXmeppkgUc0YGHEttDsYq_w3pSJtejupWg&data=UlNrNmk5WktYejR0eWJFYk1Ldmtxay1vNGU3TzZ2YzR3ZkVFYjlCellVLVI4bU00dnFlMUxIclVHSGVWNFl4dFBPQWxKcW9DVlhYWXhzbXlpSnpnUm5GaFR5T3RfOV9yVlFqNDBmQ1ZPemdmYi01Q1psTWwwVjZaSDgyUzZmdmRxWWNHQlpUSWhuSU5RN3pmSW9VTTVB&b64e=2&sign=5941ee307722dff2195be2ef200c0721&keyno=0&cst=AiuY0DBWFJ7IXge4WdYJQa9gkHE_3kbiWDz1IJt_Fd1b062PE4G2CLvcdRSBuIROOz3zJbRBF2tyi3AGFaTkLIDqlrP8uaW1JgzOvzWkPNWkTl-a_VW_ktUXmji0qprBiQ_H7c-OYFAkhvCyFvrG9zw-3edL4OAl&ref=orjY4mGPRjk5boDnW0uvlrrd71vZw9kp5uQozpMtKCUjf_ou3Qrjt76MDqvyugqPred6wSFzLv8_WOFm8AMtwbjUJGyw4DSuKOUIO5p2dN0LzIo747mANgUgD3TjtW2Q&l10n=ru&cts=1484953383775&mc=1.65011908753
3	2	1	0	3	24737508	0	24737508	24737506	0	24737507	3862	http://kejatituban.arctoys.com/jadwal-sidang/login
3	13	0	1	2	24746304	24746194	24746197	24746189	24746194	24746196	68713	http://kejatituban.arctoys.com/jadwal-sidang/detail-penentuan/create
3	10	0	0	0	24766350	0	0	24735469	0	0	7295	http://kejatituban.arctoys.com/basic/web/index.php?r=site/about
3	1	0	0	0	24746309	0	0	24746309	0	0	1691	http://kejatituban.arctoys.com/jadwal-sidang/persidangan
3	6	0	0	0	24767938	0	0	24736915	0	0	12799	http://kejatituban.arctoys.com/jadwal-sidang/tahanan/biodata?id=202
3	0	0	0	1	0	0	24750174	0	0	24750174	0	http://yandex.ru/clck/jsredir?from=yandex.ru%3Bsearch%3Bweb%3B%3B&text=&etext=1307.t8uCTHWK93tWsGzl5V4CqDwp6S2CeSFG90TYeB-NsLBkxKqHvWPYbWjoYSbnGgQM.728b1005db4f51d2d62f5975abf5099ff797f2c2&uuid=&state=_BLhILn4SxNIvvL0W45KSic66uCIg23qh8iRG98qeIXmeppkgUc0YLeQVNu7TCjFWhspMNrg36Y&data=UlNrNmk5WktYejR0eWJFYk1Ldmtxay1vNGU3TzZ2YzR3ZkVFYjlCellVLVI4bU00dnFlMUxIclVHSGVWNFl4dFBPQWxKcW9DVlhYWXhzbXlpSnpnUm5GaFR5T3RfOV9yRkxkNGtaRDBUdVBxMWxOb2J4c2VtTUhPWktKdG4zb3plZnRDc3ZKeFVCRDBSQkMzZnJIMHRn&b64e=2&sign=88dcb652781474cd9d0e3a4106a1a9a1&keyno=0&cst=AiuY0DBWFJ7IXge4WdYJQXbYQp9t5VF6_T37MShxkFwSSTi4wa3HufUU1Rw8sQAu2xGNH8uvWgDqdD7d1qTq-Uc6TiJD7FRIG1ln4-s7ZHDCL6UhGtC_jEx6KhXiss533Yv4PzTSReAsiIpIXs6eArDQ-q89--ZG&ref=orjY4mGPRjk5boDnW0uvlrrd71vZw9kp5uQozpMtKCWLmUMpz38pRGOBEYGJVbv6rMqQSNmCbiDKX4vYh3bXbC3lsDJ_g-tr7BRE0X0BQmovmq6ackYlAK7IsQtWSenT&l10n=ru&cts=1484895634134&mc=6.05921377679
3	6	0	0	0	24780127	0	0	24738595	0	0	11665	http://kejatituban.arctoys.com/jadwal-sidang/tahanan/create
3	1	0	0	0	24746161	0	0	24746161	0	0	1935	http://kejatituban.arctoys.com/jadwal-sidang/user/view?id=susi
3	12	0	0	0	24780025	0	0	24738594	0	0	12036	http://kejatituban.arctoys.com/jadwal-sidang/assets/6d69244a/css/select2-krajee.css
3	1	0	0	0	24746259	0	0	24746259	0	0	1823	http://kejatituban.arctoys.com/jadwal-sidang/rincian
3	2	0	0	0	24745934	0	0	24745919	0	0	4468	http://kejatituban.arctoys.com/jadwal-sidang/informasi/3
3	9	0	2	0	24735478	24735478	0	24735469	24735469	0	29762	http://kejatituban.arctoys.com/basic/web/index.php?r=site/login
3	3	0	0	0	24781399	0	0	24745888	0	0	98279	http://kejatituban.arctoys.com/jadwal-sidang/informasi/2
3	53	0	0	0	24751090	0	0	24744381	0	0	1006890	http://kejatituban.arctoys.com/jadwal-sidang/gii/model
3	5	0	1	0	24745887	24745886	0	24745883	24745886	0	11780	http://kejatituban.arctoys.com/jadwal-sidang/informasi/1
3	716	24	2	42	24799499	24746332	24799499	24746245	24746322	24746256	8506267	http://kejatituban.arctoys.com/jadwal-sidang/upaya-hukum
3	1	0	0	0	24737450	0	0	24737450	0	0	4423	http://kejatituban.arctoys.com/jadwal-sidang/backend/master/sel
3	4	0	0	2	24754289	0	24746162	24746128	0	24746157	71615	http://kejatituban.arctoys.com/jadwal-sidang/berkas-pertama/view?id=1
4	99	8	6	3	24744117	24744117	24740038	24737258	24737258	24738575	4271646	Mozilla/5.0 (Macintosh; Intel Mac OS X 10.12; rv:50.0) Gecko/20100101 Firefox/50.0
4	26	3	3	1	24740002	24740002	24740000	24739999	24739999	24740000	434085	Mozilla/5.0 (Linux; Android 5.1.1; Andromax A16C3H Build/LMY47V) AppleWebKit/537.36 (KHTML, like Gecko) Chrome/47.0.2526.83 Mobile Safari/537.36
4	26	0	0	0	24751150	0	0	24750421	0	0	962669	Mozilla/5.0 (Windows NT 6.1; WOW64) AppleWebKit/537.36 (KHTML, like Gecko) Chrome/31.0.1650.57 Safari/537.36
4	156	11	6	5	24781513	24781482	24781390	24770949	24770949	24770949	4463608	Mozilla/5.0 (Windows NT 6.1; rv:52.0) Gecko/20100101 Firefox/52.0
4	19	19	3	21	24800325	24774234	24800325	24741701	24770350	24741701	25010	Mozilla/5.0 (X11; Linux x86_64) AppleWebKit/537.36 (KHTML, like Gecko) Chrome/49.0.2623.75 Safari/537.36 Google Favicon
4	1	1	0	0	24775233	0	0	24775233	0	0	1238	Mozilla/5.0 (Windows NT 6.1) AppleWebKit/537.36 (KHTML, like Gecko) Chrome/31.0.1650.63 Safari/537.36
4	1	0	0	0	24740144	0	0	24740144	0	0	1805	WhatsApp/2.16.396 A
4	309	46	33	31	24768964	24768964	24768964	24737040	24737040	24737040	1811873	Mozilla/5.0 (Windows NT 6.1) AppleWebKit/537.36 (KHTML, like Gecko) Chrome/55.11.2883.75 Safari/537.36
4	211	8	11	3	24780414	24780032	24780021	24780003	24780003	24780003	837463	Mozilla/5.0 (Windows NT 6.1; rv:51.0) Gecko/20100101 Firefox/51.0
4	106	49	3	79	24800635	24800631	24800635	24797748	24797748	24797748	2151797	Mozilla/5.0 (Windows NT 6.1) AppleWebKit/537.36 (KHTML, like Gecko) Chrome/55.25.2883.75 Safari/537.36
4	10	6	3	0	24802237	24801625	0	24737744	24738090	0	17378	Mozilla/5.0 (compatible; MSIE 10.0; Windows NT 6.1; Trident/6.0)
4	104	26	3	21	24746331	24746322	24746330	24746115	24746115	24746115	660492	Mozilla/5.0 (Windows NT 10.0; Win64; x64) AppleWebKit/537.36 (KHTML, like Gecko) Chrome/55.0.2883.87 Safari/537.36
4	75	7	2	5	24776538	24776468	24776450	24776447	24776447	24776447	630149	Mozilla/5.0 (Windows NT 6.3; WOW64) AppleWebKit/537.36 (KHTML, like Gecko) Chrome/56.0.2924.87 Safari/537.36
4	1	1	0	1	24726897	0	24745920	24726897	0	24745920	359	facebookexternalhit/1.1
4	28	1	1	3	24798054	24798054	24798054	24798054	24798054	24798054	807227	Mozilla/5.0 (Linux; U; Android 4.4.2; en-US; ASUS_Z007 Build/KVT49L) AppleWebKit/534.30 (KHTML, like Gecko) Version/4.0 UCBrowser/11.2.0.915 U3/0.8.0 Mobile Safari/534.30
4	135	27	4	8	24768800	24768675	24768675	24726897	24726901	24726897	1537952	Mozilla/5.0 (Windows NT 6.1; rv:50.0) Gecko/20100101 Firefox/50.0
4	2	1	0	1	24726897	0	24726897	24726897	0	24726897	530	Mozilla/5.0 (Windows; U; Windows NT 5.1; zh-CN; rv:1.9.0.5) Gecko/200900101 Firefox/3.0.5
4	4	1	0	1	24726897	0	24745920	24726897	0	24745920	872	facebookexternalhit/1.1 (+http://www.facebook.com/externalhit_uatext.php)
4	9	0	0	0	24738624	0	0	24738624	0	0	351610	Mozilla/5.0 (Windows NT 6.3; WOW64; Trident/7.0; rv:11.0) like Gecko
4	648	69	48	127	24766447	24766336	24766336	24735469	24735469	24735469	5197440	Mozilla/5.0 (Windows NT 6.1) AppleWebKit/537.36 (KHTML, like Gecko) Chrome/55.0.2883.87 Safari/537.36
4	393	5	2	33	24799499	24799458	24799499	24780033	24780033	24780033	8827592	Mozilla/5.0 (Windows NT 6.1) AppleWebKit/537.36 (KHTML, like Gecko) Chrome/56.0.2924.87 Safari/537.36
4	13	1	0	0	24753392	0	0	24753392	0	0	502497	Mozilla/5.0 (Windows NT 6.1; WOW64) AppleWebKit/537.36 (KHTML, like Gecko) Chrome/28.0.1500.95 YaBrowser/13.10.1500.9323 Safari/537.36
4	37	8	0	13	24769086	0	24745955	24737180	0	24737180	64927	Mozilla/5.0 (Macintosh; Intel Mac OS X 10_10_1) AppleWebKit/600.1.25 (KHTML, like Gecko) Version/8.0 Safari/600.1.25
4	1	0	0	7	24754971	0	24754971	24754971	0	24754971	1962	Mozilla/5.0 (iPhone; CPU iPhone OS 8_4_1 like Mac OS X) AppleWebKit/600.1.4 (KHTML, like Gecko) Mobile/12H321
4	46	0	0	3	24751090	0	24751090	24745169	0	24749897	1204323	Mozilla/5.0 (Windows NT 5.1) AppleWebKit/537.36 (KHTML, like Gecko) Chrome/31.0.1650.57 Safari/537.36
4	13	1	0	0	24745785	0	0	24745785	0	0	502458	Mozilla/5.0 (X11; Linux x86_64) AppleWebKit/537.36 (KHTML, like Gecko; Google Web Preview) Chrome/27.0.1453 Safari/537.36
4	302	64	1	38	24776527	24776527	24746307	24740145	24776527	24746307	5394520	Mozilla/5.0 (iPhone; CPU iPhone OS 8_4_1 like Mac OS X) AppleWebKit/600.1.4 (KHTML, like Gecko) Version/8.0 Mobile/12H321 Safari/600.1.4
4	24	5	1	2	24746239	24746239	24746239	24746239	24746239	24746239	510818	Mozilla/5.0 (iPhone; CPU iPhone OS 10_0_1 like Mac OS X) AppleWebKit/602.1.50 (KHTML, like Gecko) Version/10.0 Mobile/14A403 Safari/602.1
4	68	12	2	7	24767312	24767190	24767190	24767187	24767189	24767187	690024	Mozilla/5.0 (Windows NT 6.3; rv:52.0) Gecko/20100101 Firefox/52.0
4	146	12	6	14	24736997	24736913	24736914	24726897	24735456	24726897	1562328	Mozilla/5.0 (Macintosh; Intel Mac OS X 10.10; rv:50.0) Gecko/20100101 Firefox/50.0
4	90	5	5	2	24767941	24767892	24767914	24767880	24767880	24767880	986791	Mozilla/5.0 (Windows NT 10.0; WOW64) AppleWebKit/537.36 (KHTML, like Gecko) Chrome/56.0.2924.76 Safari/537.36
4	3	2	1	0	24738597	24736920	0	24735468	24736920	0	5090	TelegramBot (like TwitterBot)
4	12	0	0	1	24750175	0	24750174	24750175	0	24750174	321347	Mozilla/4.0 (compatible; MSIE 8.0; Windows NT 5.1; Trident/4.0; .NET CLR 2.0.50727; .NET CLR 3.0.4506.2152; .NET CLR 3.5.30729; .NET CLR 1.1.4322)
4	13	1	0	0	24749841	0	0	24749841	0	0	502539	Mozilla/5.0 (Windows NT 6.1; Trident/7.0; rv:11.0) like Gecko
4	13	1	0	0	24775712	0	0	24775712	0	0	503210	Mozilla/5.0 (Windows NT 5.1) AppleWebKit/537.36 (KHTML, like Gecko) Chrome/28.0.1500.95 YaBrowser/13.10.1500.9323 Safari/537.36
4	2	2	2	7	24773361	24773361	24801640	24742425	24742425	24742425	2405	Mozilla/5.0 (compatible; YandexBot/3.0; +http://yandex.com/bots)
4	82	10	4	5	24780447	24780444	24780446	24780287	24780287	24780288	611800	Mozilla/5.0 (Macintosh; Intel Mac OS X 10_12_3) AppleWebKit/602.4.8 (KHTML, like Gecko) Version/10.0.3 Safari/602.4.8
4	13	1	0	0	24776490	0	0	24776490	0	0	322585	Mozilla/4.0 (compatible; MSIE 8.0; Windows NT 6.1; Trident/4.0; SLCC2; .NET CLR 2.0.50727; .NET CLR 3.5.30729; .NET CLR 3.0.30729; Media Center PC 6.0)
4	211	25	4	9	24754338	24754325	24754337	24740155	24740155	24740155	4080840	Mozilla/5.0 (Windows NT 6.3; rv:51.0) Gecko/20100101 Firefox/51.0
4	152	10	6	5	24743032	24742752	24742745	24739092	24739092	24739092	2624502	Mozilla/5.0 (Windows NT 10.0; WOW64; rv:50.0) Gecko/20100101 Firefox/50.0
4	0	0	0	3	0	0	24738624	0	0	24738624	0	Mozilla/5.0 (Windows NT 6.3; Win64; x64; Trident/7.0; rv:11.0) like Gecko
4	465	1	1	5	24799308	24799135	24799290	24799135	24799135	24799135	4364645	Mozilla/5.0 (Macintosh; Intel Mac OS X 10.12; rv:51.0) Gecko/20100101 Firefox/51.0
4	893	134	63	295	24746878	24746336	24746878	24726897	24736811	24726897	6284071	Mozilla/5.0 (Windows NT 10.0; WOW64) AppleWebKit/537.36 (KHTML, like Gecko) Chrome/55.0.2883.87 Safari/537.36
4	13	3	2	2	24770312	24770312	24770312	24770291	24770312	24770292	155103	Mozilla/5.0 (Windows NT 10.0; WOW64) AppleWebKit/537.36 (KHTML, like Gecko) Chrome/56.0.2924.87 Safari/537.36
4	13	1	0	0	24749953	0	0	24749953	0	0	503241	Mozilla/5.0 (Windows NT 6.1; WOW64; rv:25.0) Gecko/20100101 Firefox/25.0
4	1	1	0	0	24726901	0	0	24726901	0	0	89	request.js
4	24	0	0	0	24755126	0	0	24753842	0	0	605054	Mozilla/5.0 (Windows NT 6.1) AppleWebKit/537.36 (KHTML, like Gecko) Chrome/31.0.1650.57 Safari/537.36
4	4	0	0	1	24749889	0	24749889	24749889	0	24749889	160680	Mozilla/4.0 (compatible; MSIE 8.0; Windows NT 6.1; Trident/4.0; SLCC2; .NET CLR 2.0.50727; .NET CLR 3.5.30729; .NET CLR 3.0.30729; Media Center PC 6.0; .NET4.0C)
4	21	1	0	0	24753541	0	0	24750623	0	0	586650	Mozilla/4.0 (compatible; MSIE 8.0; Windows NT 5.1; Trident/4.0; .NET CLR 2.0.50727; .NET CLR 3.0.4506.2152; .NET CLR 3.5.30729)
5	12	0	0	1	24750175	0	24750174	24750175	0	24750174	321347	128.75.254.226
5	104	26	3	21	24746331	24746322	24746330	24746115	24746115	24746115	660492	103.238.203.123
5	99	1	3	17	24739147	24739111	24739100	24739043	24739054	24739043	142158	180.251.117.226
5	13	0	0	0	24751150	0	0	24751150	0	0	459419	176.195.51.169
5	37	8	0	13	24769086	0	24745955	24737180	0	24737180	64927	52.71.155.178
5	4	1	0	2	24774992	0	24774992	24774991	0	24774992	191113	114.125.100.164
5	6	0	0	0	24781513	0	0	24781511	0	0	289129	114.125.81.11
5	52	0	0	0	24740166	0	0	24740145	0	0	445287	114.125.83.96
5	26	5	3	3	24739118	24739118	24739118	24739092	24739092	24739092	437601	140.0.40.250
5	13	0	0	0	24761962	0	0	24761962	0	0	503218	114.125.104.31
5	1	1	0	0	24742425	0	0	24742425	0	0	1169	93.158.152.40
5	141	11	8	31	24739043	24739040	24739043	24738947	24738956	24738991	257562	180.247.67.56
5	152	5	3	157	24745018	24744919	24745016	24744884	24744884	24744884	1451571	36.81.129.17
5	2	2	1	1	24774234	24774234	24774235	24768867	24774234	24774235	2523	66.102.6.88
5	1	1	1	2	24774234	24770350	24774235	24774234	24770350	24768867	1281	66.102.6.87
5	1	1	0	1	24770350	0	24770350	24770350	0	24770350	1237	66.102.6.86
5	0	0	0	1	0	0	24742425	0	0	24742425	0	5.255.253.40
5	3	1	0	0	24747942	0	0	24747720	0	0	5776	188.172.219.43
5	12	0	0	0	24753842	0	0	24753842	0	0	302528	176.195.124.135
5	11	0	0	1	24751090	0	24751090	24751090	0	24751090	301220	109.173.52.208
5	8	2	2	4	24738926	24738926	24738927	24738923	24738923	24738923	349846	110.139.77.116
5	10	2	1	0	24781504	24781438	0	24781436	24781438	0	478828	114.125.81.227
5	27	1	0	0	24769087	0	0	24768616	0	0	1007721	114.125.83.142
5	501	119	41	113	24800635	24800631	24800635	24737040	24737040	24737040	4992630	210.57.215.134
5	13	0	0	0	24763270	0	0	24763270	0	0	503221	114.125.81.224
5	4	0	0	1	24749889	0	24749889	24749889	0	24749889	160680	176.15.236.214
5	11	0	0	1	24749898	0	24749897	24749897	0	24749897	301220	109.63.240.229
5	68	2	2	15	24746288	24746279	24746288	24746214	24746266	24746241	391853	36.81.164.161
5	1	1	0	0	24775233	0	0	24775233	0	0	1238	188.234.40.16
5	1	0	0	0	24782570	0	0	24782570	0	0	1843	185.20.99.141
5	13	1	0	0	24776490	0	0	24776490	0	0	322585	46.242.79.221
5	1	1	1	0	24776527	24776527	0	24776527	24776527	0	1239	114.125.102.202
5	0	0	0	1	0	0	24745920	0	0	24745920	0	173.252.120.105
5	26	3	3	1	24740002	24740002	24740000	24739999	24739999	24740000	434085	115.178.238.69
5	27	5	5	1	24767892	24767892	24767880	24767880	24767880	24767880	551647	36.74.0.49
5	13	0	0	0	24753541	0	0	24753541	0	0	322651	176.14.208.180
5	2	2	1	0	24802237	24738090	0	24738090	24738090	0	4027	185.57.81.38
5	1428	137	72	137	24799308	24799135	24799290	24726897	24735456	24726897	15278436	210.57.215.114
5	29	9	2	5	24737451	24737447	24737450	24737432	24737431	24737432	390902	36.81.183.61
5	9	0	0	0	24744901	0	0	24744901	0	0	183643	114.125.119.19
5	35	6	0	0	24754716	0	0	24754714	0	0	550298	114.125.83.44
5	55	3	2	2	24781429	24781419	24781390	24781390	24781418	24781390	1674340	114.125.81.187
5	356	20	17	18	24784815	24780033	24784815	24726897	24726901	24726897	3252615	110.50.84.12
5	37	7	2	5	24746208	24746194	24746197	24746173	24746176	24746176	119246	36.73.238.68
5	63	0	0	1	24767941	0	24767914	24767911	0	24767914	435144	36.74.18.186
5	13	0	0	0	24750421	0	0	24750421	0	0	503250	95.221.228.218
5	1	0	0	0	24726897	0	0	24726897	0	0	171	173.252.124.229
5	4	1	0	2	24745785	0	24749768	24744881	0	24746878	80723	66.102.6.29
5	28	9	4	4	24746167	24746167	24746165	24746161	24746161	24746161	56193	180.251.85.9
5	5	1	0	2	24773035	0	24773035	24745785	0	24744881	55424	66.102.6.27
5	1	1	0	3	24797792	0	24800325	24797792	0	24788013	1993	66.102.7.167
5	10	5	1	3	24773035	24773035	24773035	24745785	24773035	24745426	373752	66.102.6.25
5	1	0	0	1	24726897	0	24726897	24726897	0	24726897	171	66.220.145.244
5	1	1	0	0	24726897	0	0	24726897	0	0	359	66.220.145.243
5	2	2	0	1	24800325	0	24791576	24788013	0	24791576	3423	66.102.7.165
5	30	2	0	1	24740630	0	24740600	24740600	0	24740600	556218	139.228.94.173
5	363	2	1	29	24799499	24799458	24799499	24799458	24799458	24799458	8305882	36.81.190.130
5	2	2	0	2	24799087	0	24797792	24791576	0	24792223	2517	66.102.7.163
5	13	1	0	0	24749953	0	0	24749953	0	0	503241	188.187.19.193
5	1	1	0	0	24726897	0	0	24726897	0	0	359	173.252.124.221
5	12	0	0	0	24754749	0	0	24754749	0	0	302551	114.125.83.24
5	1	0	0	0	24726897	0	0	24726897	0	0	171	173.252.124.216
5	1	1	0	0	24726897	0	0	24726897	0	0	359	173.252.80.115
5	1	0	0	0	24726897	0	0	24726897	0	0	171	173.252.80.113
5	279	37	6	16	24767312	24767190	24767190	24740155	24740155	24740155	4770864	110.138.221.49
5	28	1	1	3	24798054	24798054	24798054	24798054	24798054	24798054	807227	168.235.201.237
5	0	0	0	1	0	0	24745920	0	0	24745920	0	173.252.75.113
5	35	7	4	6	24743458	24743417	24743414	24743344	24743401	24743344	421879	114.125.83.235
5	1	0	0	0	24761922	0	0	24761922	0	0	1959	110.232.70.170
5	9	0	0	0	24742743	0	0	24742743	0	0	383152	114.125.73.43
5	1	0	0	0	24740144	0	0	24740144	0	0	1805	114.125.117.206
5	7	0	0	0	24750623	0	0	24750623	0	0	262050	93.80.144.89
5	25	0	0	0	24744792	0	0	24744775	0	0	396236	114.125.116.241
5	3	2	1	0	24748185	24748185	0	24737744	24748185	0	3579	178.255.153.77
5	13	1	0	0	24749841	0	0	24749841	0	0	502539	46.242.91.219
5	0	0	0	1	0	0	24758000	0	0	24758000	0	141.8.142.216
5	1	0	0	7	24754971	0	24754971	24754971	0	24754971	1962	114.125.83.4
5	16	2	1	0	24781484	24781482	0	24781482	24781482	0	670342	114.125.81.51
5	7	1	0	0	24765047	0	0	24765047	0	0	1650	114.125.115.77
5	1	1	1	0	24801625	24801625	0	24801625	24801625	0	2153	192.95.20.138
5	1	0	0	0	24743103	0	0	24743103	0	0	1801	114.125.118.143
5	78	52	0	38	24746324	0	24746307	24746306	0	24746307	572701	114.125.104.201
5	56	22	14	43	24737543	24737514	24737512	24737472	24737508	24737474	1366243	180.246.16.71
5	12	0	0	0	24755126	0	0	24755126	0	0	302526	176.195.103.91
5	8	0	0	0	24743032	0	0	24743032	0	0	182487	139.228.86.254
5	75	7	2	5	24776538	24776468	24776450	24776447	24776447	24776447	630149	36.73.243.157
5	11	0	0	1	24750402	0	24750402	24750402	0	24750402	301220	88.81.39.156
5	1	0	0	0	24738597	0	0	24738597	0	0	1877	149.154.167.164
5	22	4	0	0	24755679	0	0	24755675	0	0	534743	114.125.77.49
5	13	1	0	0	24753392	0	0	24753392	0	0	502497	31.135.83.9
5	123	7	7	7	24746306	24746266	24746306	24746114	24746128	24746115	413082	114.125.108.180
5	1	1	0	0	24735468	0	0	24735468	0	0	1338	149.154.167.162
5	1	1	1	0	24736920	24736920	0	24736920	24736920	0	1875	149.154.167.161
5	0	0	0	3	0	0	24743086	0	0	24741701	0	66.102.6.152
5	0	0	0	1	0	0	24760756	0	0	24760756	0	93.158.152.64
5	4	4	0	1	24744089	0	24744089	24741701	0	24744089	4595	66.102.6.151
5	13	1	0	0	24775712	0	0	24775712	0	0	503210	37.144.52.89
5	28	0	0	0	24781493	0	0	24781493	0	0	482901	114.125.81.31
5	1	0	0	0	24755733	0	0	24755733	0	0	1963	114.125.75.97
5	13	0	0	0	24745169	0	0	24745169	0	0	300663	109.63.208.48
5	0	0	1	0	0	24742425	0	0	24742425	0	0	5.255.253.68
5	1	1	0	3	24773361	0	24801640	24773361	0	24778556	1236	93.158.152.61
5	91	3	3	1	24742843	24742752	24742745	24742745	24742745	24742745	1452983	139.0.247.51
5	24	5	1	2	24746239	24746239	24746239	24746239	24746239	24746239	510818	114.125.81.116
5	6	0	0	1	24738933	0	24738931	24738931	0	24738931	53199	180.254.40.248
5	0	0	1	1	0	24773361	24773361	0	24773361	24773361	0	141.8.142.180
5	35	9	0	15	24746157	0	24746155	24746124	0	24746124	38596	36.74.13.3
5	38	3	1	1	24766447	24766336	24766336	24766336	24766336	24766336	681866	180.247.137.215
5	37	3	2	1	24770961	24770950	24770949	24770949	24770949	24770949	676955	36.78.110.86
5	1	1	0	0	24750623	0	0	24750623	0	0	1949	46.188.21.2
z	0	848	0	24799308	0
z	2	42	8	24800631	2924
z	3	541	136	24800631	291067
z	4	2727	446	24802237	6497969
z	5	787	0	24800618	37324116
z	6	93	0	24799458	21931218
c	200	4188	24802237
c	206	2	24767188
c	301	67	24801625
c	302	159	24781482
c	304	848	24799308
c	400	1	24737180
c	403	22	24751090
c	404	568	24801640
c	500	171	24799465
