CACHE type 5 produced by analog 6.0/Unix. Do not modify or delete!
T	0	0	38482	961	15	4356	607411010
D	24765888	24800325
17198	153	3	2	889
17198	193	7	3	1761
17198	237	6	2	4574
17198	238	2	2	1327
17198	239	1	1	664
17198	242	17	1	348832
17198	243	11	1	137547
17198	244	1	1	1284
17198	255	9	2	589651
17198	257	3	1	3509
17198	259	6	3	51507
17198	260	18	2	230128
17198	261	17	0	1218845
17198	262	21	1	7401
17198	263	5	5	6757
17198	264	166	12	1879432
17198	265	118	5	647535
17198	266	46	5	53375
17198	267	146	10	187579
17198	268	44	3	31531
17198	269	32	8	1020372
17198	270	49	4	346230
17198	271	127	4	179102
17198	272	58	2	37395
17198	273	106	3	106114
17198	274	13	7	47271
17198	275	110	8	1601412
17198	276	103	11	1565100
17198	277	124	3	50318
17198	278	132	5	283345
17198	279	128	3	94812
17198	280	1	0	6204
17198	281	44	1	62096
17198	282	86	2	93933
17198	287	1	0	171
17199	27	1	1	6025
17199	114	42	1	1344423
17199	116	45	2	1356717
17199	120	30	0	1116303
17199	121	71	56	583836
17199	128	5	5	30130
17199	144	1	1	0
17199	162	11	1	178299
17199	163	68	1	2323544
17199	170	43	2	1350448
17199	171	4	1	508481
17199	172	84	2	2688882
17199	174	213	8	6772591
17199	175	253	7	8072738
17199	176	210	5	6722298
17199	180	2	0	15284
17199	186	2	2	12114
17199	187	6	6	36393
17199	188	2	2	12112
17199	189	1	0	6059
17199	195	1	0	0
17199	196	42	1	1344455
17199	197	42	1	1344450
17199	198	128	5	4045471
17199	199	86	4	2701023
17199	200	168	4	5410050
17199	201	42	1	1344464
17199	202	42	1	1344457
17199	203	126	3	4065575
17199	204	84	2	2688908
17199	205	126	3	4033369
17199	234	43	1	1350506
17199	235	30	0	1116310
17199	236	72	1	1476722
17199	237	29	0	0
17199	242	29	0	0
17199	244	58	0	0
17199	246	29	0	0
17199	247	29	0	0
17199	261	26	1	299333
17199	262	16	0	1045120
17199	266	1	0	6052
17199	270	9	0	255190
17200	96	43	1	1344627
17200	98	224	6	1187453
17200	99	1	1	6103
17200	100	45	4	32928
17200	101	3	0	502439
17200	103	16	3	67679
17200	104	19	0	76601
17200	105	10	1	171231
17200	106	91	0	361461
17200	107	27	0	103539
17200	108	40	1	310000
17200	109	32	0	112267
17200	110	27	0	94928
17200	111	27	0	97278
17200	112	17	0	63856
17200	113	1	0	6050
17200	114	1	0	6064
17200	115	14	1	1046132
17200	116	1	1	6049
17200	118	66	10	2819385
17200	119	45	4	1362606
17200	120	341	13	10785931
17200	121	464	13	14801149
17200	122	341	13	10785914
17200	123	1	1	6053
17200	124	294	7	9913727
17200	125	463	13	15173923
17200	126	168	4	5598173
17200	131	3	0	9247
17200	132	3	0	13044
17200	135	5	0	32136
17200	136	8	0	29414
17200	137	6	0	21491
17200	142	1	0	6053
17200	162	3	0	15609
17200	163	42	1	155469
17200	165	42	1	1399560
17200	166	303	8	9742244
17200	167	273	5	7126316
17200	168	49	0	75640
17200	169	84	2	2879957
17200	170	296	7	10022884
17200	171	430	10	14317700
17200	173	1	1	6084
17200	177	90	0	116343
17200	178	201	0	69665
17200	179	35	0	17601
17200	183	38	1	30024
17200	184	384	0	74953
17200	185	205	0	78273
17200	188	4	3	50442
17200	189	12	7	63844
17200	190	168	0	67265
17200	191	102	4	1418445
17200	192	14	0	64472
17200	193	4	0	25349
17200	194	1	0	2962
17200	195	7	0	401301
17200	196	7	0	23884
17200	197	31	0	60935
17200	198	13	1	25734
17200	200	1	0	6083
17200	201	3	3	9393
17200	204	1	0	171
17200	216	3	0	4600
17200	217	3	0	6994
17200	221	1	0	1712
17200	226	1	0	1430
17200	233	9	3	57312
17200	234	113	3	2130037
17200	235	416	10	543074
17200	236	343	5	911964
17200	237	477	14	254872
17200	238	377	7	154054
17200	239	189	5	395008
17200	240	209	4	192660
17200	241	194	2	170271
17200	242	148	2	104426
17200	243	264	5	128578
17200	244	198	5	120636
17200	245	97	4	49421
17200	246	45	1	617907
17200	247	136	4	131117
17200	248	195	2	101841
17200	249	258	6	189332
17200	250	140	6	154633
17200	251	117	2	63909
17200	252	183	7	171866
17200	253	218	10	195687
17200	254	270	12	179906
17200	255	263	9	154470
17200	256	521	11	229386
17200	257	154	12	130161
17200	258	171	6	161268
17200	259	402	12	1302001
17200	260	225	7	164888
17200	261	303	6	175151
17200	262	364	14	236874
17200	263	198	10	183838
17200	264	169	5	106183
17200	265	130	3	140683
17200	266	106	2	42964
17200	267	93	3	98338
17200	268	179	4	147313
17200	269	114	2	78745
17200	270	102	7	82265
17200	271	109	3	79429
17200	272	95	5	71442
17200	273	125	1	142846
17200	274	188	0	500530
17200	275	55	0	33611
17200	276	75	0	72621
17200	277	55	2	74114
17200	278	41	1	27167
17200	279	42	1	45812
17200	280	84	2	60144
17200	281	94	2	86550
17200	282	94	4	95395
17200	283	84	2	34168
17200	284	4	1	6179
17200	285	59	2	133650
17200	286	196	4	117417
17200	287	39	0	15248
17201	0	2	1	6479
17201	1	1	0	1225
17201	2	34	1	86672
17201	3	59	2	26842
17201	4	31	1	28682
17201	11	1	0	770
17201	89	9	1	170867
17201	96	36	3	1230244
17201	97	23	1	366703
17201	105	11	1	16986
17201	106	29	1	1203771
17201	108	17	1	30619
17201	109	34	1	48743
17201	114	33	2	1215327
17201	133	89	0	3371363
17201	134	80	0	2533030
17201	153	40	1	1266525
17201	161	41	0	1270038
17201	162	194	0	6681694
17201	163	108	0	3817298
17201	164	111	0	3857545
17201	168	83	0	3518874
17201	169	84	0	2394624
17201	170	293	0	10141261
17201	171	78	0	2571523
17201	173	1	1	6082
17201	174	39	1	1285794
17201	177	1	1	6096
17201	199	1	1	6098
17201	208	1	0	318
17201	233	41	1	1289739
17201	234	46	1	1309501
17201	235	22	1	1615075
17201	262	2	1	6121
17201	269	2	2	12195
17201	270	9	0	38882
17201	271	1	1	6098
17201	275	7	1	26355
17201	276	1	0	1523
17201	278	6	1	624175
17201	279	34	3	658528
17201	280	40	2	88315
17201	281	51	7	88415
17201	282	46	4	54212
17201	283	5	2	13686
17201	285	39	0	56463
17201	286	7	0	318
17201	287	3	0	1520
17202	0	28	0	9991
17202	1	155	1	77324
17202	2	59	0	78119
17202	3	140	2	171500
17202	4	205	1	98760
17202	5	124	0	23869
17202	6	1	0	318
17202	7	102	2	194898
17202	8	223	4	254079
17202	9	55	1	17680
17202	10	111	2	72470
17202	12	1	0	4736
17202	13	53	0	164653
17202	14	61	0	41677
17202	15	52	1	1443332
17202	16	4	0	14588
17202	17	16	1	95211
17202	18	9	1	44076
17202	19	1	0	5015
17202	20	3	0	13789
17202	21	5	1	8959
17202	22	9	0	11338
17202	23	2	0	1464
17202	24	2	0	1460
17202	25	2	0	2982
17202	30	2	0	318
17202	31	4	0	0
17202	32	2	0	0
17202	33	2	1	3523
17202	34	4	1	3525
17202	35	2	1	3271
17202	36	5	2	15461
17202	37	4	0	6661
17202	38	4	0	7332
17202	40	24	3	746776
17202	237	1	0	23
17202	252	3	0	31700
17202	253	66	3	215162
17202	254	6	0	53657
17203	2	1	0	1703
17203	15	1	0	770
17203	143	2	1	7117
17203	153	61	1	1500018
17203	167	1	0	23
17204	2	1	0	23
17204	34	1	0	6799
17204	39	2	0	4757
17204	101	10	1	61906
17204	107	51	1	1441645
17204	132	8	0	56368
17204	133	37	2	1288186
17204	146	2	1	7118
17204	150	1	0	3344
17204	169	5	0	504445
17204	170	318	6	4011775
17204	171	108	2	1018474
17204	173	52	1	509238
17204	174	51	1	1441640
17204	177	7	1	15953
17204	178	155	4	4332081
17204	179	99	1	2626502
17204	180	240	0	6770623
17204	183	176	4	3939208
17204	184	53	1	1594115
17204	185	104	2	2046491
17204	186	193	4	47663
17204	200	1	0	6841
17204	202	50	1	1226930
17204	206	48	1	6843
17204	222	97	2	13671
17204	231	8	0	56347
17204	245	57	3	53528
17204	246	4	2	16398
17204	261	10	1	176883
17204	262	75	1	2366067
17204	263	246	3	7615972
17204	264	189	0	2559991
17204	265	105	0	2898306
17204	266	135	0	3969095
17204	267	2	0	7239
17204	268	129	0	3490942
17204	269	31	0	22322
17204	270	1	0	0
17204	271	15	0	52583
17204	272	2	0	7454
17204	273	270	0	1761883
17204	274	121	0	597897
17204	275	162	0	43437
17204	281	2	0	14323
17204	282	3	0	14631
17205	4	3	0	536851
17205	5	4	0	15016
17205	7	4	0	15006
17205	13	2	0	7503
17205	14	8	0	30068
17205	15	4	0	15060
17205	16	4	0	15036
17205	18	5	0	934665
17205	19	4	0	15314
17205	20	8	0	31317
17205	21	57	0	3819426
17205	22	3	0	982787
17205	23	10	0	39016
17205	30	8	0	159540
17205	65	43	0	4262559
17205	88	5	0	1065750
17205	93	65	1	3396316
17205	136	53	1	4045633
17205	137	54	1	509922
17205	148	60	2	3452659
17205	154	1	1	7485
17205	160	1	0	7485
17205	168	19	1	4460153
17205	178	9	1	3603588
17205	181	109	2	519311
17205	182	329	8	4548631
17205	183	4	2	15481
17205	184	1	1	7408
17205	186	2	1	7731
17205	189	52	1	7413
17205	190	105	2	780281
17205	191	159	3	22333
17205	194	11	4	1107545
17205	196	2	0	2006
17205	197	53	0	3317902
17205	199	4	1	1084001
17205	238	9	2	2510307
17205	239	110	3	6643872
17205	240	222	8	13311820
17205	241	60	2	3332169
17205	242	18	0	75853
17205	243	7	0	23065
17205	244	160	4	7001907
17205	245	72	2	3331481
17205	246	117	4	6652039
17205	247	30	1	19767
17205	248	102	2	3260708
17205	249	178	0	9683079
17205	250	174	0	7802881
17205	251	171	0	5380327
17205	252	240	4	7528980
17205	253	175	3	5385691
17205	254	258	1	9871095
17205	255	185	3	7807386
17205	256	83	1	2205986
17205	259	33	0	1110021
17205	260	180	1	5648146
17205	261	170	0	5560354
17205	262	276	0	8896861
17205	263	215	0	6698626
17205	264	243	0	7785590
17205	265	71	0	2231292
17205	266	71	3	3487611
17205	267	2	0	1608
17205	268	11	0	150534
17205	269	40	0	1255116
17205	287	1	1	7990
17206	111	135	3	126457
17206	112	255	4	31954
17206	115	1	1	7992
17206	117	299	2	13182484
17206	118	466	8	193895
17206	119	921	15	517796
17206	120	61	1	3414452
17206	124	51	2	15963
17206	125	100	2	16043
17206	128	100	2	170226
17206	129	250	5	40027
17206	130	6	3	34399
17206	131	31	0	3488
17206	132	1	1	7982
17206	133	32	0	6972
17206	134	84	0	19465
17206	135	207	0	32347
17206	140	2	1	9384
17206	143	2	0	8000
17206	151	45	0	1470732
17206	152	1	0	171
17206	245	104	3	3879172
17206	246	33	0	1105635
17206	247	72	0	2240790
17206	248	3	0	19561
17206	251	1	0	1242
17206	252	41	0	149220
17206	255	32	0	1102309
17206	256	43	1	1118421
17206	257	4	1	11974
17206	258	279	0	8044846
17206	259	212	0	5912078
17206	260	25	0	971051
17206	261	50	0	1106219
17206	262	37	0	150570
17206	263	239	0	7771024
17206	264	239	0	7737773
17206	265	197	0	5518581
17206	266	95	0	2212275
17206	267	102	1	2382118
17206	268	56	0	1253914
17206	269	43	2	298665
17206	270	97	4	2797508
17206	271	59	4	1696077
17206	272	61	0	162319
17206	273	8	0	4037
17207	7	11	1	66610
17207	8	6	0	19857
17207	109	2	1	9270
17207	110	1	0	1257
17207	117	1	0	1259
17207	118	1	0	1258
17207	120	50	1	1930234
17207	123	8	0	3263
17207	124	6	2	31862
17207	125	105	0	23278
17207	128	31	0	3531
17207	129	192	0	33702
17207	131	32	0	4232
17207	132	156	0	42192
17207	133	5	0	19443
17207	135	150	0	111827
17207	136	100	0	165664
17207	137	400	0	63974
17207	138	350	0	231271
17207	262	44	1	1061814
17207	263	1	0	3873
17207	277	2	1	7987
17208	102	2	1	9394
17208	153	12	1	471473
17208	171	2	0	593495
17208	176	1	1	7976
17208	177	1	1	7985
17209	116	1	0	3537
17209	150	2	1	8011
17209	273	1	1	7984
17211	121	2	1	9445
17212	254	1	0	171
17213	243	2	1	9396
17216	107	2	1	9392
17216	240	40	0	249438
17218	123	2	1	9392
17218	276	1	0	23
17219	155	2	0	4253
17219	175	42	1	805329
17219	257	1	1	7986
17220	198	2	1	9392
17221	164	50	1	1890836
17221	176	141	3	23958
17221	215	1	0	7988
17222	110	48	1	1664964
17222	111	13	0	799929
17222	129	2	1	9392
1	0	0	0	2	0	0	24778000	0	0	24777999	0	/laporanpemesananhotel/view?id=KH0001
1	0	0	0	2	0	0	24769331	0	0	24768854	0	/assets/assets/kaha/js/modernizr-2.6.2.min.js
1	1	0	0	0	24768840	0	0	24768840	0	0	3494	/datpemesanan/index?sort=KDPESAN
1	0	0	0	2	0	0	24769106	0	0	24769000	0	/site/index-backend.php
1	0	0	0	1	0	0	24768519	0	0	24768519	0	/gii/default/preview?id=model&file=c9ad562709054e79689345bbe1a3811d
1	0	0	0	1	0	0	24769210	0	0	24769210	0	/assetskaha/images/place-9.jpg
1	1	1	0	0	24769326	0	0	24769326	0	0	6175	/index.php/?r=main-backend
1	2	0	0	0	24766335	0	0	24766331	0	0	20689	/assets/a74064d0/yii.js
1	0	0	0	2	0	0	24769331	0	0	24768854	0	/assets/assets/kaha/js/jquery.min.js
1	1	0	0	0	24770948	0	0	24770948	0	0	11606	/assets/be1ef95a/js/bootstrap-notify.js
1	1	0	0	0	24766336	0	0	24766336	0	0	2684	/site/captcha?v=58908e241bb4a
1	15	0	0	37	24766487	0	24766496	24766444	0	24766442	9086	/js/main.js
1	0	0	0	1	0	0	24770298	0	0	24770298	0	/site/vacation.html
1	842	0	0	0	24800234	0	0	24766499	0	0	1139063	/assets/kaha/js/jquery.waypoints.min.js
1	22	0	0	4	24766488	0	24766496	24766442	0	24766494	11832	/images/place-4.jpg
1	1	0	0	0	24768680	0	0	24768680	0	0	3735	/datuser/index?sort=JKUSER
1	0	0	0	7	0	0	24766459	0	0	24766457	0	/site/images/place-5.jpg
1	0	0	0	2	0	0	24768854	0	0	24768853	0	/assets/kaha/partner.jpg
1	2	0	0	0	24776430	0	0	24776429	0	0	0	/site/flight?from=CGK&to-place=HLP&check-in=
1	9	0	0	0	24777878	0	0	24776517	0	0	31397	/site/flight?from=HLP&to_place=SUB&check_in=2017/02/08&class=Ekonomi
1	4	0	0	0	24776429	0	0	24776428	0	0	0	/site/flight?from=HLP&to-place=SUB&check-in=12/12/2012
1	0	0	0	4	0	0	24769323	0	0	24769203	0	/assets/kaha/sass/bootstrap/mixins/_gradients.scss
1	15	0	0	42	24766487	0	24766497	24766444	0	24766442	3670	/js/classie.js
1	488	0	0	0	24796237	0	0	24766499	0	0	1473248	/assets/kaha/images/place-6.jpg
1	0	0	0	1	0	0	24768679	0	0	24768679	0	/datuser/assets/kaha/images/kaha.jpg
1	0	0	0	1	0	0	24768554	0	0	24768554	0	/gii/default/preview?id=crud&file=1f230d802dddda6d59cc896a3da46828
1	0	0	0	1	0	0	24766448	0	0	24766448	0	/site/css/bootstrap-datepicker.min.css
1	11	0	0	2	24776444	0	24776441	24776437	0	24776441	15246	/site/flight?from=HLP&to_place=SUB&check_in=
1	0	0	0	1	0	0	24769210	0	0	24769210	0	/assetskaha/images/place-4.jpg
1	21	0	0	8	24766487	0	24766498	24766443	0	24766442	5230	/css/superfish.css
1	0	0	0	4	0	0	24769323	0	0	24769203	0	/assets/kaha/sass/bootstrap/mixins/_pagination.scss
1	0	0	0	1	0	0	24775081	0	0	24775081	0	/site/
1	2	0	0	0	24768925	0	0	24768889	0	0	6674	/datpemesanan/index?sort=TGLPESAN
1	1	0	0	0	24776424	0	0	24776424	0	0	0	/site/flight?from=HLP&to-place=SUB
1	0	0	0	4	0	0	24775084	0	0	24775070	0	/Datuser
1	5	0	0	0	24766421	0	0	24766334	0	0	4620	/site/about
1	0	0	0	4	0	0	24778630	0	0	24770797	0	/phpmyadmin
1	0	0	0	1	0	0	24776480	0	0	24776480	0	/laporanpemesananhotel/detailpesanhotel
1	0	0	0	4	0	0	24769323	0	0	24769203	0	/assets/kaha/sass/bootstrap/_normalize.scss
1	0	0	0	1	0	0	24770293	0	0	24770293	0	/logo-unair.ico
1	5	0	0	0	24777296	0	0	24776500	0	0	17150	/site/flight?from=CGK&to_place=HLP&check_in=2017/02/07&class=Ekonomi
1	0	0	0	2	0	0	24769195	0	0	24769195	0	/site/assets/kaha/assets/kaha/js/bootstrap-datepicker.min.js
1	15	0	0	39	24766487	0	24766496	24766444	0	24766442	7731	/js/superfish.js
1	0	0	0	3	0	0	24768542	0	0	24768527	0	/web/assets/kaha/images/place-7.jpg
1	1	0	0	0	24766334	0	0	24766334	0	0	1733	/site/login
1	10	0	0	0	24778768	0	0	24778763	0	0	149649	/assets/kaha/images/juanda.jpg
1	0	0	0	1	0	0	24776470	0	0	24776470	0	/laporan/pesananhotel
1	0	0	0	4	0	0	24769223	0	0	24769221	0	/site/site/register
1	0	0	0	2	0	0	24769197	0	0	24769195	0	/site/assets/kaha/assets/kaha/css/bootstrap.css
1	418	0	0	0	24796237	0	0	24766498	0	0	1156734	/assets/kaha/images/place-1.jpg
1	0	0	0	2	0	0	24769197	0	0	24769195	0	/site/assets/kaha/assets/kaha/css/bootstrap-datepicker.min.css
1	0	0	0	13	0	0	24766459	0	0	24766457	0	/site/js/bootstrap.min.js
1	0	0	0	7	0	0	24766459	0	0	24766457	0	/site/images/place-10.jpg
1	0	0	0	2	0	0	24769331	0	0	24768854	0	/assets/assets/kaha/css/animate.css
1	39	0	0	2	24777876	0	24769385	24768889	0	24769384	111586	/refkota
1	0	0	0	2	0	0	24769342	0	0	24769273	0	/site/assets/kaha/css/bootstrap-datepicker.min.css
1	0	0	0	1	0	0	24768551	0	0	24768551	0	/gii/default/preview?id=crud&file=5ac055043e5891cd0aaebed451109c47
1	0	0	0	2	0	0	24768818	0	0	24768543	0	/gii/default/preview?id=crud&file=f35071f318a405690308044b01e7dc07
1	1	0	0	0	24766309	0	0	24766309	0	0	1114	/_autoindex/icons/folder.png
1	23	0	0	1	24766488	0	24766494	24766442	0	24766494	319330	/images/bg.jpg
1	0	0	0	1	0	0	24768551	0	0	24768551	0	/gii/default/preview?id=crud&file=a5d13e16a43467953889f6a4dda0b927
1	0	0	0	3	0	0	24768542	0	0	24768527	0	/web/assets/kaha/images/place-2.jpg
1	0	0	0	14	0	0	24766459	0	0	24766457	0	/site/js/magnific-popup-options.js
1	0	0	0	4	0	0	24769323	0	0	24769203	0	/assets/kaha/sass/bootstrap/mixins/_grid.scss
1	0	0	0	7	0	0	24769208	0	0	24769194	0	/site/assets/kaha/images/place-9.jpg
1	1	0	0	0	24776509	0	0	24776509	0	0	1731	/detailpesanhotel
1	838	0	0	0	24800234	0	0	24766499	0	0	241808	/assets/kaha/js/sticky.js
1	19	0	0	0	24776504	0	0	24776466	0	0	60508	/site/flight?from=CGK&to_place=SUB&check_in=2017/02/07
1	0	0	0	3	0	0	24769210	0	0	24769204	0	/assets/kaha/sass/bootstrap/_carousel.scss
1	0	0	0	8	0	0	24768977	0	0	24768967	0	/assets/struktur/js/jquery/ui-lightness/jquery-ui-1.10.2.custom.css
1	0	0	0	2	0	0	24769197	0	0	24769195	0	/site/assets/kaha/assets/kaha/css/cs-select.css
1	0	0	0	3	0	0	24769211	0	0	24768497	0	/assets/kaha/sass/style.scss
1	44	0	0	0	24800237	0	0	24766499	0	0	723840	/assets/kaha/css/style.css.map
1	0	0	0	2	0	0	24768818	0	0	24768543	0	/gii/default/preview?id=crud&file=a13e8a494db89c7a7d43ff189d825d23
1	49	0	0	0	24800237	0	0	24766499	0	0	8175027	/assets/7635c85c/css/bootstrap.css.map
1	2	0	0	0	24766333	0	0	24766332	0	0	2570	/index.php?r=site/index
1	870	0	0	0	24800234	0	0	24766499	0	0	919262	/assets/kaha/css/bootstrap-datepicker.min.css
1	0	0	0	3	0	0	24769210	0	0	24769204	0	/assets/kaha/sass/bootstrap/_responsive-embed.scss
1	1	0	0	0	24768984	0	0	24768984	0	0	2864	/refkota?RefkotaSearch[KDKOTA]=&RefkotaSearch[NMKOTA]=&RefkotaSearch[KDPROP]=
1	0	0	0	2	0	0	24769331	0	0	24768854	0	/assets/assets/kaha/css/superfish.css
1	0	0	0	4	0	0	24769343	0	0	24769273	0	/site/assets/kaha/js/hoverIntent.js
1	0	0	0	9	0	0	24766459	0	0	24766457	0	/site/js/superfish.js
1	15	0	0	31	24766487	0	24766496	24766444	0	24766442	8748	/js/jquery.easing.1.3.js
1	0	0	0	1	0	0	24775097	0	0	24775097	0	/rest/web/Datuser
1	0	0	0	4	0	0	24769323	0	0	24769203	0	/assets/kaha/sass/bootstrap/mixins/_border-radius.scss
1	0	0	0	4	0	0	24769331	0	0	24768854	0	/assets/assets/kaha/js/jquery.stellar.min.js
1	0	0	0	2	0	0	24769195	0	0	24769195	0	/site/assets/kaha/assets/kaha/js/selectFx.js
1	0	0	0	7	0	0	24769208	0	0	24769194	0	/site/assets/kaha/images/place-4.jpg
1	0	0	1	0	0	24766384	0	0	24766384	0	0	/web
1	0	0	0	7	0	0	24766459	0	0	24766457	0	/site/images/img_bg_1.jpg
1	7	0	0	0	24769986	0	0	24769342	0	0	11303	/refpropinsi/create
1	833	0	0	0	24800234	0	0	24766499	0	0	1121987	/assets/kaha/js/selectFx.js
1	3	0	0	0	24768680	0	0	24768679	0	0	10052	/datuser/view?id=narawata
1	133	0	0	1	24800234	0	24775128	24775128	0	24775128	6284520	/assets/kaha/images/Garuda-Indonesia.png
1	4	0	0	0	24774680	0	0	24774678	0	0	582320	/assets/kaha/images/1.jpg
1	193	0	0	12	24800234	0	24768976	24776495	0	24768967	3315491	/assets/datatables/media/js/jquery.dataTables.min.js
1	0	0	0	1	0	0	24768545	0	0	24768545	0	/gii/default/preview?id=crud&file=bf18b7c35635f6f6e1745e709b6b88ec
1	0	0	0	10	0	0	24766459	0	0	24766457	0	/site/js/jquery.min.js
1	10	0	0	18	24778699	0	24778699	24778003	0	24778001	13056	/datpemesananhotel/viewdetail?id=KH0001
1	0	0	0	1	0	0	24777979	0	0	24777979	0	/site/booking?NMPENUMPANG=
1	0	0	0	4	0	0	24769323	0	0	24769203	0	/assets/kaha/sass/bootstrap/mixins/_grid-framework.scss
1	0	0	0	4	0	0	24769343	0	0	24769273	0	/site/assets/kaha/js/classie.js
1	0	0	0	1	0	0	24770979	0	0	24770979	0	/gii/default/preview?id=crud&file=23a24c6e0f192b37fe45779442c40538
1	0	0	0	14	0	0	24766459	0	0	24766457	0	/site/js/main.js
1	0	0	0	2	0	0	24768918	0	0	24768917	0	/site/flight.html
1	3	0	0	3	24768850	0	24769369	24768849	0	24769368	886692	/assets/kaha/images/bg1.jpg
1	0	0	0	2	0	0	24776451	0	0	24776450	0	/site/site/flight?from=CGK&to_place=SUB&check_in=2017/02/14&class=business
1	0	0	0	172	0	0	24770906	0	0	24766499	0	/assets/kaha/js/jquery.min.map
1	0	0	0	3	0	0	24769210	0	0	24769204	0	/assets/kaha/sass/bootstrap/_tooltip.scss
1	0	0	0	1	0	0	24776450	0	0	24776450	0	/user/
1	2	0	0	0	24777241	0	0	24769329	0	0	46848	/assets/7635c85c/fonts/glyphicons-halflings-regular.woff
1	13	0	0	0	24800234	0	0	24778771	0	0	701388	/assets/kaha/images/kahakaha.jpg
1	836	0	0	0	24800234	0	0	24766499	0	0	10744476	/assets/kaha/css/bootstrap.css
1	9	0	0	6	24800235	0	24778725	24778726	0	24768968	38179	/site/profil
1	0	0	0	2	0	0	24777901	0	0	24777901	0	/laporanpemesananhotel.php
1	0	0	0	2	0	0	24769195	0	0	24769195	0	/site/assets/kaha/assets/kaha/js/jquery.easing.1.3.js
1	3	0	0	0	24776434	0	0	24776430	0	0	0	/site/flight?from=HLP&to_place=HLP&check_in=
1	0	0	0	4	0	0	24769323	0	0	24769203	0	/assets/kaha/sass/bootstrap/_alerts.scss
1	218	0	0	0	24800234	0	0	24770899	0	0	47332	/assets/c7e8b610/js/kv-widgets.js
1	22	0	0	4	24766488	0	24766496	24766442	0	24766494	32885	/images/place-6.jpg
1	0	0	0	1	0	0	24768561	0	0	24768561	0	/gii/default/preview?id=crud&file=cc94e67073b739f0b0c79240b43ed4f8
1	0	0	0	7	0	0	24766459	0	0	24766457	0	/site/images/place-7.jpg
1	0	0	0	1	0	0	24769273	0	0	24769273	0	/site/site/site/registrasi
1	0	0	0	3	0	0	24769210	0	0	24769204	0	/assets/kaha/sass/bootstrap/_panels.scss
1	0	0	0	2	0	0	24769195	0	0	24769195	0	/site/assets/kaha/assets/kaha/js/bootstrap.min.js
1	0	0	0	2	0	0	24769197	0	0	24769195	0	/site/assets/kaha/assets/kaha/css/icomoon.css
1	1	0	0	0	24774918	0	0	24774918	0	0	4713	/site/registrasi?64.233.172.128
1	1	0	1	0	24770948	24770951	0	24770948	24770951	0	5267	/site/registrasi?id=galih
1	857	0	0	0	24800234	0	0	24766499	0	0	4036157	/assets/kaha/css/style.css
1	505	0	0	0	24796237	0	0	24766499	0	0	1737870	/assets/kaha/images/place-8.jpg
1	0	0	0	4	0	0	24769323	0	0	24769203	0	/assets/kaha/sass/bootstrap/mixins/_buttons.scss
1	845	0	0	0	24800234	0	0	24766499	0	0	554683	/assets/kaha/js/main.js
1	12	0	0	0	24770794	0	0	24768889	0	0	33735	/refpropinsi
1	4	0	0	0	24769316	0	0	24768889	0	0	9303	/refkamar
1	0	0	0	13	0	0	24766459	0	0	24766457	0	/site/js/jquery.waypoints.min.js
1	853	0	0	0	24800234	0	0	24766499	0	0	281532	/assets/kaha/css/cs-select.css
1	0	0	0	4	0	0	24769323	0	0	24769203	0	/assets/kaha/sass/bootstrap/_tables.scss
1	0	0	0	1	0	0	24777920	0	0	24777920	0	/laporanpemesananpesawat.php
1	0	0	0	3	0	0	24769199	0	0	24769194	0	/site/assets/kaha/images/bg.jpg
1	835	0	0	0	24800234	0	0	24766499	0	0	1455641	/assets/kaha/js/jquery.stellar.min.js
1	0	0	0	1	0	0	24769210	0	0	24769210	0	/assetskaha/images/place-6.jpg
1	0	0	0	1	0	0	24769321	0	0	24769321	0	/css/favicon.ico
1	0	0	0	2	0	0	24769197	0	0	24769195	0	/site/assets/kaha/assets/kaha/css/superfish.css
1	24	0	0	6	24766487	0	24766496	24766442	0	24766494	43533	/images/place-1.jpg
1	63	0	0	0	24777241	0	0	24776171	0	0	13448544	/assets/kaha/images/pesawat03.png
1	187	0	0	0	24800234	0	0	24770915	0	0	304161	/assets/14081c2b/css/select2-krajee.css
1	0	0	0	2	0	0	24769342	0	0	24769273	0	/site/assets/kaha/css/icomoon.css
1	7	0	0	0	24776410	0	0	24767914	0	0	230250	/assets/ba0d4e66/typeahead.bundle.js
1	1	1	0	3	24766417	0	24766396	24766417	0	24766384	1280	/web/
1	0	0	0	1	0	0	24768854	0	0	24768854	0	/assets/kaha/favicon.ico
1	5	0	0	7	24800235	0	24778740	24778741	0	24778739	17346	/site/contact-us
1	0	0	0	7	0	0	24766459	0	0	24766457	0	/site/images/place-2.jpg
1	0	0	0	3	0	0	24768542	0	0	24768527	0	/web/assets/kaha/images/place-9.jpg
1	3	0	0	0	24768988	0	0	24768985	0	0	8601	/refkota/index?sort=NMKOTA
1	0	0	0	1	0	0	24768551	0	0	24768551	0	/gii/default/preview?id=crud&file=1cb645606acaf62cb916e0ace8bf1556
1	24	0	0	1	24776158	0	24775293	24775294	0	24775293	9196390	/assets/kaha/images/pesawat2.png
1	0	0	0	4	0	0	24769323	0	0	24769203	0	/assets/kaha/sass/bootstrap/mixins/_reset-filter.scss
1	0	0	0	1	0	0	24774512	0	0	24774512	0	/jadwal-sidang/rincian
1	0	0	0	1	0	0	24766448	0	0	24766448	0	/site/css/bootstrap.css
1	1	1	0	0	24770967	0	0	24770967	0	0	1433	/gii/
1	185	0	0	0	24800234	0	0	24770915	0	0	208908	/assets/14081c2b/css/select2.css
1	418	0	0	0	24796237	0	0	24766498	0	0	1171383	/assets/kaha/images/place-3.jpg
1	22	0	0	7	24766487	0	24766498	24766442	0	24766442	38190	/css/animate.css
1	0	0	0	4	0	0	24769323	0	0	24769203	0	/assets/kaha/sass/bootstrap/mixins/_background-variant.scss
1	0	0	0	4	0	0	24769343	0	0	24769273	0	/site/assets/kaha/js/main.js
1	0	0	0	3	0	0	24769210	0	0	24769204	0	/assets/kaha/sass/bootstrap/_wells.scss
1	227	0	0	2	24800236	0	24776448	24766334	0	24766333	1456895	/site/index
1	549	0	0	718	24800234	0	24769322	24766398	0	24766331	171769	/css/site.css
1	1	0	0	0	24776415	0	0	24776415	0	0	955	/gii/default/preview?id=model&file=c64ecff0ee98e0ad5faa32be27ca5185
1	1	0	0	0	24777292	0	0	24777292	0	0	3485	/site/flight?from=CGK&to_place=HLP&check_in=2017/02/08&class=Ekonomi
1	0	0	0	18	0	0	24773772	0	0	24767144	0	/vacation.html
1	0	0	0	4	0	0	24769323	0	0	24769203	0	/assets/kaha/sass/bootstrap/_type.scss
1	0	0	0	1	0	0	24769210	0	0	24769210	0	/assetskaha/images/place-1.jpg
1	0	0	0	4	0	0	24769331	0	0	24768854	0	/assets/assets/kaha/js/jquery.waypoints.min.js
1	1	0	0	0	24769447	0	0	24769447	0	0	1225	/refkota/0001
1	0	0	0	1	0	0	24768543	0	0	24768543	0	/gii/default/preview?id=crud&file=653fb01a3c1b05e393f99eba82366b52
1	0	0	0	4	0	0	24766426	0	0	24766425	0	/logo-kaha_0.jpg
1	0	0	0	4	0	0	24769323	0	0	24769203	0	/assets/kaha/sass/bootstrap/mixins/_alerts.scss
1	11	0	0	0	24768816	0	0	24768519	0	0	36541	/gii/extension
1	0	0	0	2	0	0	24769195	0	0	24769195	0	/site/assets/kaha/assets/kaha/js/main.js
1	0	0	0	3	0	0	24768817	0	0	24768817	0	/gii/default/preview?id=model&file=272578a28344676d980af597c05c18bb
1	2	0	0	0	24766334	0	0	24766334	0	0	6492	/assets/a74064d0/yii.validation.js
1	0	0	0	2	0	0	24770986	0	0	24770985	0	/detailpemesananhotel
1	0	0	0	3	0	0	24769210	0	0	24769204	0	/assets/kaha/sass/bootstrap/mixins/_panels.scss
1	6	0	0	0	24777286	0	0	24777284	0	0	154228	/assets/kaha/images/skate-bmx-park-surabaya.jpg
1	0	0	0	3	0	0	24768542	0	0	24768527	0	/web/assets/kaha/images/place-4.jpg
1	1	0	0	0	24776515	0	0	24776515	0	0	158	/assets/datatables/media/images/sort_desc.png
1	0	0	0	4	0	0	24769323	0	0	24769203	0	/assets/kaha/sass/bootstrap/mixins/_text-emphasis.scss
1	6	0	0	0	24777319	0	0	24777315	0	0	20890	/site/flight?from=CGK&to_place=SUB&check_in=2017/02/08&class=Economy
1	0	0	0	1	0	0	24766448	0	0	24766448	0	/site/css/cs-select.css
1	139	0	0	1	24776418	0	24768627	24768515	0	24768627	522807	/gii/crud
1	4	0	0	0	24776521	0	0	24776515	0	0	640	/assets/datatables/media/images/sort_asc.png
1	0	0	0	2	0	0	24769331	0	0	24768854	0	/assets/assets/kaha/css/style.css
1	0	0	0	4	0	0	24778741	0	0	24778739	0	/site/contactus
1	44	0	0	0	24800237	0	0	24766499	0	0	1791552	/assets/kaha/css/bootstrap.css.map
1	1	0	0	0	24768985	0	0	24768985	0	0	2893	/refkota/index?sort=-NMKOTA
1	2	0	0	0	24768526	0	0	24766396	0	0	350918	/web/assets/4a3931ec/jquery.js
1	704	0	0	0	24796237	0	0	24766499	0	0	2747052	/assets/kaha/css/icomoon.css
1	133	0	0	0	24800234	0	0	24775128	0	0	2190240	/assets/kaha/images/Lion-Air.png
1	0	0	0	4	0	0	24769323	0	0	24769203	0	/assets/kaha/sass/bootstrap/mixins/_nav-vertical-align.scss
1	6	0	0	0	24769383	0	0	24769370	0	0	371578	/assets/kaha/images/bg.jpeg
1	0	0	0	2	0	0	24769195	0	0	24769195	0	/site/assets/kaha/assets/kaha/js/jquery.stellar.min.js
1	1	0	0	0	24768528	0	0	24768528	0	0	6053	/index.php?r=gii
1	0	0	0	1	0	0	24775095	0	0	24775095	0	/api/web/v1/Datuser
1	0	0	0	1	0	0	24769223	0	0	24769223	0	/site/register
1	1	0	0	0	24768842	0	0	24768842	0	0	3478	/datpemesanan/index
1	0	0	0	4	0	0	24769323	0	0	24769203	0	/assets/kaha/sass/bootstrap/_pagination.scss
1	0	0	0	2	0	0	24768957	0	0	24768955	0	/refkereta/favicon.ico
1	0	0	0	11	0	0	24773157	0	0	24767165	0	/hotel.html
1	1	0	0	0	24776481	0	0	24776481	0	0	3111	/site/flight?from=&to_place=&check_in=&class=Ekonomi
1	0	0	0	7	0	0	24769208	0	0	24769194	0	/site/assets/kaha/images/place-6.jpg
1	829	0	0	0	24800234	0	0	24766499	0	0	4030490	/assets/kaha/js/bootstrap-datepicker.min.js
1	0	0	0	2	0	0	24766448	0	0	24766446	0	/site/css/animate.css
1	92	0	0	26	24778629	0	24776456	24770995	0	24770870	145890	/laporanpemesananhotel
1	0	0	0	1	0	0	24768561	0	0	24768561	0	/gii/default/preview?id=crud&file=a58da407fe57b040b1130f27b36a48c3
1	0	0	0	71	0	0	24777201	0	0	24767144	0	/assets/kaha/css/fonts/icomoon.woff?1oniuf
1	0	0	0	1	0	0	24768543	0	0	24768543	0	/gii/default/preview?id=crud&file=2ed3688901d9bddb7eea4d19deb53f5c
1	9	0	0	0	24777978	0	0	24777877	0	0	32651	/site/flight?from=HLP&to_place=SUB&check_in=2017/02/08&class=Economy
1	0	0	0	3	0	0	24769210	0	0	24769204	0	/assets/kaha/sass/bootstrap/_responsive-utilities.scss
1	0	0	0	1	0	0	24775083	0	0	24775083	0	/site/datuser
1	0	0	0	1	0	0	24768561	0	0	24768561	0	/gii/default/preview?id=crud&file=84fef3c525b8730722a8708e10ceba40
1	0	0	0	3	0	0	24769343	0	0	24769273	0	/site/assets/kaha/js/jquery.magnific-popup.min.js
1	0	0	0	15	0	0	24768962	0	0	24768955	0	/refkereta/assets/kaha/images/kaha.jpg
1	0	0	0	1	0	0	24768840	0	0	24768840	0	/datpemesanan/index.php
1	0	0	0	4	0	0	24769323	0	0	24769203	0	/assets/kaha/sass/bootstrap/_media.scss
1	1	0	0	0	24766309	0	0	24766309	0	0	1070	/_autoindex/icons/unknown.png
1	1	0	0	0	24769986	0	0	24769986	0	0	2658	/refpropinsi/index?sort=NMPROP
1	0	0	0	3	0	0	24769210	0	0	24769204	0	/assets/kaha/sass/bootstrap/mixins/_hide-text.scss
1	2	0	0	0	24768526	0	0	24766417	0	0	56678	/web/assets/7635c85c/css/bootstrap.css
1	1	0	0	0	24776478	0	0	24776478	0	0	3046	/site/flight?from=HLP&to_place=SUB&check_in=2017/02/07
1	0	0	0	8	0	0	24769208	0	0	24769194	0	/site/assets/kaha/images/place-1.jpg
1	942	0	0	0	24800234	0	0	24766398	0	0	32539983	/assets/4a3931ec/jquery.js
1	1	0	0	0	24769985	0	0	24769985	0	0	2644	/refpropinsi/index
1	1	0	0	0	24770948	0	0	24770948	0	0	6413	/assets/c7e8b610/css/animate.css
1	853	0	0	0	24800234	0	0	24766499	0	0	385428	/assets/kaha/css/superfish.css
1	1	0	0	0	24777868	0	0	24777868	0	0	3761	/site/flight?from=&to_place=&check_in=&class=
1	0	0	0	13	0	0	24769343	0	0	24768899	0	/site/assets/kaha/images/kaha.jpg
1	14	0	0	30	24776410	0	24776406	24767914	0	24767164	20115	/gii
1	3	0	0	1	24775079	0	24775084	24775077	0	24775084	77131	/ws/Datuser
1	0	0	0	3	0	0	24769343	0	0	24769273	0	/site/assets/kaha/js/modernizr-2.6.2.min.js
1	92	0	0	0	24770916	0	0	24766500	0	0	1250449	/assets/kaha/fonts/icomoon/icomoon.woff?srf3rx
1	0	0	0	2	0	0	24769195	0	0	24769195	0	/site/assets/kaha/assets/kaha/js/sticky.js
1	21	0	0	8	24766487	0	24766498	24766443	0	24766442	3075	/css/cs-skin-border.css
1	21	0	0	0	24778698	0	0	24770915	0	0	20844	/assets/14081c2b/css/loading.gif
1	2	0	0	0	24777241	0	0	24772150	0	0	46848	/assets/kaha/fonts/bootstrap/glyphicons-halflings-regular.woff
1	941	0	0	0	24800234	0	0	24766398	0	0	2086119	/assets/24f5ea17/yii.js
1	0	0	0	1	0	0	24769292	0	0	24769292	0	/index-backend
1	0	0	0	6	0	0	24776537	0	0	24776475	0	/laporanpemesananhotel/detailpesanhotel?id=KH0001
1	1	0	0	0	24769330	0	0	24769330	0	0	2372	/refpropinsi/index?page=2
1	0	0	0	1	0	0	24775079	0	0	24775079	0	/Datusers
1	0	0	0	1	0	0	24769195	0	0	24769195	0	/site/assets/kaha/assets/kaha/css/cs-skin-border.css
1	0	0	0	58	0	0	24777201	0	0	24767377	0	/assets/kaha/css/fonts/icomoon.svg?1oniuf
1	3	0	0	0	24768542	0	0	24768526	0	0	18187	/web/index.php?r=perusahaan
1	22	0	0	4	24766488	0	24766496	24766442	0	24766494	18564	/images/place-10.jpg
1	16	0	0	37	24766487	0	24766496	24766444	0	24766442	58895	/js/bootstrap.min.js
1	22	0	0	4	24766488	0	24766496	24766442	0	24766494	39348	/images/place-8.jpg
1	0	0	0	1	0	0	24768679	0	0	24768679	0	/datuser/favicon.ico
1	19	0	0	0	24777403	0	0	24765888	0	0	3249	/_autoindex/icons/blank.png
1	0	0	0	4	0	0	24769323	0	0	24769203	0	/assets/kaha/sass/bootstrap/_forms.scss
1	0	0	0	7	0	0	24766459	0	0	24766457	0	/site/images/place-9.jpg
1	1	0	0	0	24769085	0	0	24769085	0	0	2786	/refkota/index
1	0	0	0	2	0	0	24769331	0	0	24768854	0	/assets/assets/kaha/css/bootstrap-datepicker.min.css
1	1	1	0	0	24766307	0	0	24766307	0	0	359	/?173.252.74.96
1	422	0	0	221	24800325	0	24769319	24769324	0	24765888	189820	/favicon.ico
1	2	0	0	0	24766335	0	0	24766332	0	0	18167	/assets/f801963/js/bootstrap.js
1	0	0	0	1	0	0	24768561	0	0	24768561	0	/gii/default/preview?id=crud&file=12d4b99acc7068c1b436fa75b0cdc0b7
1	133	0	0	0	24800234	0	0	24775128	0	0	9941116	/assets/kaha/images/Citilink.png
1	119	0	0	0	24800234	0	0	24768679	0	0	1009568	/assets/kaha/fonts/bootstrap/glyphicons-halflings-regular.woff2
1	4	0	0	0	24778000	0	0	24777977	0	0	5323	/datpemesananhotel/view?id=KH0001
1	19	0	0	0	24770950	0	0	24768519	0	0	53867	/gii/form
1	0	0	0	4	0	0	24776471	0	0	24774426	0	/jadwal-sidang/rincian?id=
1	814	0	0	0	24800234	0	0	24766498	0	0	861041	/assets/kaha/js/jquery.easing.1.3.js
1	0	0	0	14	0	0	24766459	0	0	24766457	0	/site/js/selectFx.js
1	0	0	0	2	0	0	24768818	0	0	24768543	0	/gii/default/preview?id=crud&file=22b2d45cfd4c62131a518dfd97cf1d4c
1	5	0	0	0	24766440	0	0	24766426	0	0	1186944	/images/logo-kaha_0.jpg
1	0	0	0	1	0	0	24766448	0	0	24766448	0	/site/css/cs-skin-border.css
1	0	0	0	1	0	0	24769210	0	0	24769210	0	/assetskaha/images/place-8.jpg
1	1	0	0	0	24776509	0	0	24776509	0	0	1288	/detailpesanhotel/view?id=DTPH001
1	17	0	0	0	24768957	0	0	24768889	0	0	52000	/refkereta
1	0	0	0	7	0	0	24769275	0	0	24769268	0	/site/site/index
1	438	0	0	0	24796237	0	0	24766502	0	0	97244886	/assets/kaha/images/kaha.jpg
1	1	0	0	0	24766334	0	0	24766334	0	0	7366	/assets/a74064d0/yii.activeForm.js
1	0	0	0	1	0	0	24774691	0	0	24774691	0	/assets/kaha/images/s1nyal.png
1	0	0	0	1	0	0	24766448	0	0	24766448	0	/site/css/superfish.css
1	0	0	0	4	0	0	24769343	0	0	24769273	0	/site/assets/kaha/js/bootstrap.min.js
1	0	0	0	7	0	0	24769208	0	0	24769194	0	/site/assets/kaha/images/place-10.jpg
1	23	0	0	6	24766487	0	24766496	24766442	0	24766494	6401	/images/place-3.jpg
1	7	0	0	0	24768956	0	0	24768955	0	0	21233	/refkereta/index
1	0	0	0	7	0	0	24766459	0	0	24766457	0	/site/images/place-4.jpg
1	0	0	0	9	0	0	24776471	0	0	24770997	0	/laporanpemesananhotel/create
1	0	0	0	1	0	0	24769273	0	0	24769273	0	/site/assets/kaha/css/cs-skin-border.css
1	2	0	0	0	24778757	0	0	24778756	0	0	87858	/assets/kaha/images/sby.jpg
1	4	0	0	0	24776158	0	0	24776154	0	0	765440	/assets/kaha/images/pesawat4.png
1	0	0	0	2	0	0	24769222	0	0	24769221	0	/site/site/favicon.ico
1	281	0	0	0	24775127	0	0	24768854	0	0	2478630	/assets/kaha/images/partner.jpg
1	1	0	0	0	24766334	0	0	24766334	0	0	805	/assets/a74064d0/yii.captcha.js
1	4	0	0	0	24800235	0	0	24778741	0	0	63580	/assets/kaha/images/contact_pic.jpg
1	489	0	0	0	24796237	0	0	24766499	0	0	1332163	/assets/kaha/images/place-5.jpg
1	0	0	0	1	0	0	24776459	0	0	24776459	0	/_formfilter/
1	0	0	0	11	0	0	24766459	0	0	24766457	0	/site/js/jquery.easing.1.3.js
1	0	0	0	2	0	0	24769342	0	0	24769273	0	/site/assets/kaha/css/bootstrap.css
1	0	0	0	4	0	0	24769331	0	0	24768854	0	/assets/assets/kaha/js/sticky.js
1	0	0	0	58	0	0	24766496	0	0	24766442	0	/images/img_bg_1.jpg
1	0	0	0	1	0	0	24769209	0	0	24769209	0	/assetskaha/images/place-3.jpg
1	0	0	0	4	0	0	24769323	0	0	24769203	0	/assets/kaha/sass/bootstrap/_breadcrumbs.scss
1	127	0	0	0	24800234	0	0	24770899	0	0	976228	/assets/9633042b/js/bootstrap-datepicker.js
1	9	0	0	5	24769437	0	24769435	24769430	0	24769432	24821	/refkota?RefkotaSearch[KDKOTA]=&RefkotaSearch[NMKOTA]=&RefkotaSearch[KDPROP]=&RefkotaSearch[NMPROP]=Jawa
1	3	0	0	0	24768976	0	0	24768968	0	0	8933	/refkota/index?RefkotaSearch[KDKOTA]=&RefkotaSearch[NMKOTA]=&RefkotaSearch[KDPROP]=&page=1
1	0	0	0	14	0	0	24766459	0	0	24766457	0	/site/js/sticky.js
1	4	0	0	0	24776521	0	0	24776515	0	0	804	/assets/datatables/media/images/sort_both.png
1	0	0	0	4	0	0	24769323	0	0	24769203	0	/assets/kaha/sass/bootstrap/mixins/_tab-focus.scss
1	1	0	0	0	24769438	0	0	24769438	0	0	1698	/refkota/create
1	0	0	0	3	0	0	24768542	0	0	24768527	0	/web/assets/kaha/images/place-6.jpg
1	1	0	0	0	24786552	0	0	24786552	0	0	171	/_autoindex/icons/blank.png?180.251.82.246
1	0	0	0	1	0	0	24766448	0	0	24766448	0	/site/css/style.css
1	0	0	0	1	0	0	24768556	0	0	24768556	0	/gii/default/preview?id=crud&file=8250fe0e07bbad75295b5e554cc93bc0
1	0	0	0	2	0	0	24769331	0	0	24768854	0	/assets/assets/kaha/css/icomoon.css
1	0	0	0	1	0	0	24776509	0	0	24776509	0	/pemesananhotel
1	0	0	0	2	0	0	24769342	0	0	24769273	0	/site/assets/kaha/css/cs-select.css
1	2	0	0	0	24776461	0	0	24768685	0	0	5806	/datakartu/create
1	0	0	0	4	0	0	24769323	0	0	24769203	0	/assets/kaha/sass/bootstrap/mixins/_progress-bar.scss
1	0	0	0	4	0	0	24769323	0	0	24769203	0	/assets/kaha/sass/bootstrap/_grid.scss
1	0	0	0	2	0	0	24769888	0	0	24768917	0	/site/hotel.html
1	1	0	0	0	24776439	0	0	24776439	0	0	0	/site/flight
1	0	0	0	3	0	0	24769343	0	0	24769273	0	/site/assets/kaha/js/bootstrap-datepicker.min.js
1	449	0	0	0	24796237	0	0	24766498	0	0	6164760	/assets/kaha/js/jquery.min.js
1	0	0	0	1	0	0	24777988	0	0	24777988	0	/laporanpemesananhotel/datpemesananhotel/datpesanhotel?id=KH0001
1	0	0	0	1	0	0	24776437	0	0	24776437	0	/site/site/flight?from=HLP&to_place=SUB&check_in=
1	1	0	0	0	24776427	0	0	24776427	0	0	0	/site/flight?from=HLP&to-place=SUB&check-in=
1	1	1	0	0	24768526	0	0	24768526	0	0	6052	/?=gii
1	845	0	0	0	24800234	0	0	24766499	0	0	256202	/assets/kaha/js/magnific-popup-options.js
1	0	0	0	7	0	0	24769208	0	0	24769194	0	/site/assets/kaha/images/img_bg_1.jpg
1	0	0	9	0	0	24777968	0	0	24766453	0	0	/cpanel
1	0	0	0	4	0	0	24769323	0	0	24769203	0	/assets/kaha/sass/bootstrap/_input-groups.scss
1	1	0	0	0	24777868	0	0	24777868	0	0	3480	/site/flight?from=CGK&to_place=SUB&check_in=2017/02/09&class=Economy
1	0	0	0	1	0	0	24768990	0	0	24768990	0	/refkota/site/error.php
1	0	0	0	1	0	0	24768550	0	0	24768550	0	/gii/default/preview?id=crud&file=856eab09ff8985ac05fa705da58e41cf
1	15	0	0	40	24766487	0	24766496	24766444	0	24766442	1968	/js/sticky.js
1	1	0	0	0	24766334	0	0	24766334	0	0	2540	/site/captcha?v=58908dc484b4f
1	0	0	0	2	0	0	24777234	0	0	24777234	0	/assets/kaha/images/place4.png
1	0	0	0	1	0	0	24770986	0	0	24770986	0	/detailpemesananhotel/
1	1	0	0	0	24768967	0	0	24768967	0	0	1578	/refkota/index?RefkotaSearch[KDKOTA]=&RefkotaSearch[NMKOTA]=vs&RefkotaSearch[KDPROP]=&page=1
1	0	0	0	3	0	0	24768542	0	0	24768527	0	/web/assets/kaha/images/place-1.jpg
1	0	0	0	4	0	0	24769323	0	0	24769203	0	/assets/kaha/sass/bootstrap/mixins/_clearfix.scss
1	0	0	0	7	0	0	24769208	0	0	24769194	0	/site/assets/kaha/images/place-8.jpg
1	0	0	0	2	0	0	24769195	0	0	24769195	0	/site/assets/kaha/assets/kaha/js/magnific-popup-options.js
1	0	0	0	1	0	0	24777974	0	0	24777974	0	/datpemesananhotel/datpemesananhotel?id=KH0001
1	2	0	0	0	24768963	0	0	24768963	0	0	8937	/refkota/index?page=2
1	2	0	0	0	24768967	0	0	24768963	0	0	7260	/refkota/index?page=1
1	7	0	0	0	24771064	0	0	24770818	0	0	10864	/datpemesananhotel
1	0	0	0	1	0	0	24768551	0	0	24768551	0	/gii/default/preview?id=crud&file=25dafe2fa4611f3340f6509c48963123
1	0	0	0	1	0	0	24768854	0	0	24768854	0	/assets/kaha/assets/kaha/images/kaha.jpg
1	188	0	0	0	24800234	0	0	24770915	0	0	35044	/assets/14081c2b/css/select2-addl.css
1	852	0	0	0	24800234	0	0	24766499	0	0	225685	/assets/kaha/css/cs-skin-border.css
1	24	0	0	1	24770816	0	24775084	24768679	0	24775084	65266	/datuser
1	0	0	0	5	0	0	24769323	0	0	24769203	0	/assets/kaha/sass/bootstrap/_component-animations.scss
1	1	0	0	0	24770930	0	0	24770930	0	0	1695	/refkota?RefkotaSearch[NMPROP]=&RefkotaSearch[NMKOTA]=surabaya
1	0	0	0	4	0	0	24769323	0	0	24769203	0	/assets/kaha/sass/bootstrap/_dropdowns.scss
1	0	0	0	14	0	0	24766459	0	0	24766457	0	/site/js/jquery.stellar.min.js
1	0	0	0	1	0	0	24768561	0	0	24768561	0	/gii/default/preview?id=crud&file=1ea223847e947ad1db54d880829e5836
1	0	0	0	3	0	0	24769210	0	0	24769204	0	/assets/kaha/sass/bootstrap/_utilities.scss
1	0	0	0	1	0	0	24769385	0	0	24769385	0	/refkota?RefkotaSearch[KDKOTA]=&RefkotaSearch[NMKOTA]=&RefkotaSearch[KDPROP]=&RefkotaSearch[NMPROP]=NANG
1	71	0	0	0	24800236	0	0	24768490	0	0	129714	/assets/24f5ea17/yii.validation.js
1	0	0	0	1	0	0	24768550	0	0	24768550	0	/gii/default/preview?id=crud&file=767eec22e4bf6d71efefdf57273d1ccd
1	0	0	0	1	0	0	24768853	0	0	24768853	0	/url(assets/kaha/partner.jpg)
1	0	0	0	9	0	0	24768978	0	0	24768967	0	/assets/struktur/css/primitives.latest.css
1	0	0	0	6	0	0	24766500	0	0	24766498	0	/assets/kaha/assets/kaha/images/bg.jpg
1	832	0	0	0	24800234	0	0	24766499	0	0	269011	/assets/kaha/js/classie.js
1	0	0	0	4	0	0	24769323	0	0	24769203	0	/assets/kaha/sass/bootstrap/mixins/_table-row.scss
1	0	0	0	3	0	0	24768542	0	0	24768527	0	/web/assets/kaha/images/bg.jpg
1	0	0	0	4	0	0	24769323	0	0	24769203	0	/assets/kaha/sass/bootstrap/_labels.scss
1	6	0	0	0	24777877	0	0	24777868	0	0	21030	/site/flight?from=HLP&to_place=SUB&check_in=2017/02/09&class=Economy
1	2	0	0	0	24768816	0	0	24768816	0	0	7055	/detailangkutan
1	0	0	0	6	0	0	24769208	0	0	24769196	0	/site/assets/kaha/images/place-3.jpg
1	0	0	0	12	0	0	24768976	0	0	24768967	0	/assets/struktur/js/jquery/jquery-ui-1.10.2.custom.min.js
1	2	0	0	0	24768956	0	0	24768955	0	0	6098	/refkereta/index?sort=NMKERETA
1	0	0	0	7	0	0	24766459	0	0	24766457	0	/site/js/modernizr-2.6.2.min.js
1	16	0	0	42	24766487	0	24766497	24766444	0	24766442	32685	/js/bootstrap-datepicker.min.js
1	0	0	0	4	0	0	24769343	0	0	24769273	0	/site/assets/kaha/js/jquery.waypoints.min.js
1	15	0	0	40	24766487	0	24766496	24766444	0	24766442	12250	/js/hoverIntent.js
1	1	0	0	0	24770948	0	0	24770948	0	0	1035	/assets/be1ef95a/css/kv-bootstrap-notify.css
1	0	0	0	14	0	0	24766459	0	0	24766457	0	/site/js/jquery.magnific-popup.min.js
1	131	0	0	11	24768926	0	24768841	24768818	0	24768813	434793	/datpemesanan
1	15	0	0	26	24766487	0	24766496	24766444	0	24766442	137760	/js/jquery.min.js
1	0	0	0	73	0	0	24777201	0	0	24767144	0	/assets/kaha/css/fonts/icomoon.ttf?1oniuf
1	0	0	0	2	0	0	24769195	0	0	24769195	0	/site/assets/kaha/assets/kaha/js/jquery.magnific-popup.min.js
1	15	0	0	40	24766487	0	24766496	24766444	0	24766442	6044	/js/jquery.waypoints.min.js
1	0	0	0	3	0	0	24769210	0	0	24769204	0	/assets/kaha/sass/bootstrap/_popovers.scss
1	0	0	0	1	0	0	24768541	0	0	24768541	0	/gii/default/preview?id=crud&file=3de9a0f173b50007bd13e73472746c6b
1	0	0	0	1	0	0	24768561	0	0	24768561	0	/gii/default/preview?id=crud&file=52f7120dbd0ea0a87c513c54b8c1c44f
1	91	0	0	0	24777964	0	0	24768659	0	0	29211	/assets/24f5ea17/yii.gridView.js
1	3	0	0	0	24777976	0	0	24777964	0	0	5322	/datpemesananhotel/index?id=KH0001
1	0	0	0	1	0	0	24769327	0	0	24769327	0	/backend
1	0	0	0	3	0	0	24769331	0	0	24768854	0	/assets/assets/kaha/js/magnific-popup-options.js
1	0	0	0	34	0	0	24766462	0	0	24766443	0	/css/fonts/icomoon.woff?1oniuf
1	23	0	0	8	24766487	0	24766498	24766443	0	24766442	27396	/css/magnific-popup.css
1	0	0	0	34	0	0	24776154	0	0	24775315	0	/assets/kaha/images/pesawat4
1	0	0	0	4	0	0	24769323	0	0	24769203	0	/assets/kaha/sass/bootstrap/_buttons.scss
1	133	0	0	0	24800234	0	0	24775128	0	0	4817250	/assets/kaha/images/Batik-Air.png
1	0	0	0	2	0	0	24769331	0	0	24768854	0	/assets/assets/kaha/css/cs-skin-border.css
1	0	0	0	1	0	0	24775097	0	0	24775097	0	/rest
1	0	0	0	2	0	0	24769197	0	0	24769195	0	/site/assets/kaha/assets/kaha/css/magnific-popup.css
1	0	0	0	1	0	0	24769195	0	0	24769195	0	/site/assets/kaha/images/assets/kaha/images/kaha.jpg
1	1	0	0	0	24776435	0	0	24776435	0	0	0	/site/flight?from=CGK&to_place=HLP&check_in=
1	0	0	0	2	0	0	24769133	0	0	24768958	0	/refkereta/refkereta
1	0	0	0	1	0	0	24769331	0	0	24769331	0	/assets/assets/kaha/images/kaha.jpg
1	1	0	0	0	24770818	0	0	24770818	0	0	2082	/datpemesananhotel/create
1	0	0	0	4	0	0	24769323	0	0	24769203	0	/assets/kaha/sass/bootstrap/_navbar.scss
1	0	0	0	1	0	0	24768550	0	0	24768550	0	/gii/default/preview?id=crud&file=a349028789bc1eeaac95fc8aa21b4e96
1	0	0	0	3	0	0	24768542	0	0	24768527	0	/web/assets/kaha/images/kaha.jpg
1	493	0	0	1	24796237	0	24768594	24766496	0	24768594	42135016	/assets/kaha/images/bg.jpg
1	0	0	0	4	0	0	24769323	0	0	24769203	0	/assets/kaha/sass/bootstrap/_code.scss
1	398	0	0	0	24800234	0	0	24770262	0	0	127505680	/assets/kaha/images/kaha1.jpg
1	0	0	0	4	0	0	24769323	0	0	24769203	0	/assets/kaha/sass/bootstrap/mixins/_image.scss
1	0	0	0	2	0	0	24776437	0	0	24776423	0	/flight?from=&to-place=
1	0	0	0	4	0	0	24769343	0	0	24769273	0	/site/assets/kaha/js/jquery.easing.1.3.js
1	0	0	0	2	0	0	24774995	0	0	24774994	0	/web/site/refkota
1	0	0	0	4	0	0	24769323	0	0	24769203	0	/assets/kaha/sass/bootstrap/mixins/_opacity.scss
1	2	0	0	0	24766336	0	0	24766334	0	0	4013	/site/contact
1	0	0	0	4	0	0	24769323	0	0	24769203	0	/assets/kaha/sass/bootstrap/mixins/_labels.scss
1	0	0	0	1	0	0	24769210	0	0	24769210	0	/assetskaha/images/place-10.jpg
1	0	0	0	4	0	0	24769323	0	0	24769203	0	/assets/kaha/sass/bootstrap/_jumbotron.scss
1	0	0	0	3	0	0	24769331	0	0	24768854	0	/assets/assets/kaha/js/classie.js
1	22	0	0	4	24766488	0	24766496	24766442	0	24766494	18417	/images/place-5.jpg
1	0	0	0	1	0	0	24766448	0	0	24766448	0	/site/css/magnific-popup.css
1	0	0	0	2	0	0	24769342	0	0	24769273	0	/site/assets/kaha/css/superfish.css
1	0	0	0	7	0	0	24766459	0	0	24766457	0	/site/images/place-6.jpg
1	1	0	0	0	24768983	0	0	24768983	0	0	1535	/refkota?RefkotaSearch[KDKOTA]=&RefkotaSearch[NMKOTA]=fe&RefkotaSearch[KDPROP]=
1	0	0	0	1	0	0	24769195	0	0	24769195	0	/site/assets/kaha/assets/kaha/js/modernizr-2.6.2.min.js
1	0	0	0	3	0	0	24769210	0	0	24769204	0	/assets/kaha/sass/bootstrap/mixins/_center-block.scss
1	15	0	0	42	24766487	0	24766497	24766444	0	24766442	1294	/js/magnific-popup-options.js
1	2	0	0	0	24779395	0	0	24777979	0	0	7736	/site/flight?from=&to_place=&check_in=&class=Economy
1	22	0	0	0	24777981	0	0	24777956	0	0	74797	/site/booking?id=7
1	15	0	0	42	24766487	0	24766497	24766444	0	24766442	18348	/js/selectFx.js
1	0	0	0	1	0	0	24768551	0	0	24768551	0	/gii/default/preview?id=crud&file=97e53d1b454efb586d9859c07b27e4e6
1	0	0	0	3	0	0	24769106	0	0	24768999	0	/index-backend.php
1	2	0	0	0	24768526	0	0	24766417	0	0	37124	/web/assets/7635c85c/js/bootstrap.js
1	525	0	0	0	24796237	0	0	24766499	0	0	1842588	/assets/kaha/images/place-7.jpg
1	18	0	0	6	24776466	0	24776463	24776451	0	24776454	55881	/site/flight?from=CGK&to_place=SUB&check_in=2017/02/01&class=business
1	1	0	0	0	24777979	0	0	24777979	0	0	3377	/site/booking?id=2
1	0	0	0	2	0	0	24769195	0	0	24769195	0	/site/assets/kaha/assets/kaha/js/superfish.js
1	0	0	0	2	0	0	24769342	0	0	24769273	0	/site/assets/kaha/css/magnific-popup.css
1	0	0	0	1	0	0	24769209	0	0	24769209	0	/assetskaha/images/partner.jpg
1	0	0	0	1	0	0	24775087	0	0	24775087	0	/web/Datuser
1	0	0	0	3	0	0	24769331	0	0	24768854	0	/assets/assets/kaha/js/hoverIntent.js
1	0	0	0	1	0	0	24769210	0	0	24769210	0	/assetskaha/images/place-5.jpg
1	0	0	0	3	0	0	24777997	0	0	24777995	0	/datpesanhotel?id=KH0001
1	0	0	0	1	0	0	24768541	0	0	24768541	0	/gii/default/preview?id=crud&file=d880bab17149a73d8da617dda2d300a4
1	21	0	0	8	24766487	0	24766498	24766443	0	24766442	17838	/css/icomoon.css
1	6	0	0	1	24796138	0	24768569	24770754	0	24768569	138	/robots.txt
1	63	0	0	0	24777241	0	0	24776171	0	0	8724175	/assets/kaha/images/pesawat02.png
1	3	0	0	0	24770794	0	0	24768889	0	0	9182	/refmaskapai
1	0	0	0	7	0	0	24766459	0	0	24766457	0	/site/images/place-1.jpg
1	193	0	0	9	24800234	0	24768977	24776495	0	24768967	247905	/assets/datatables/media/css/jquery.dataTables.min.css
1	0	0	0	3	0	0	24768542	0	0	24768527	0	/web/assets/kaha/images/place-8.jpg
1	83	0	0	0	24777241	0	0	24775223	0	0	17949183	/assets/kaha/images/pesawat1.png
1	0	0	0	4	0	0	24769343	0	0	24769273	0	/site/assets/kaha/js/superfish.js
1	78	0	0	0	24780287	0	0	24768490	0	0	360560	/assets/7635c85c/fonts/glyphicons-halflings-regular.woff2
1	0	0	0	2	0	0	24769197	0	0	24769195	0	/site/assets/kaha/assets/kaha/css/style.css
1	419	0	0	0	24796237	0	0	24766499	0	0	1432524	/assets/kaha/images/place-2.jpg
1	0	0	0	4	0	0	24769323	0	0	24769203	0	/assets/kaha/sass/bootstrap/_pager.scss
1	0	0	0	1	0	0	24774994	0	0	24774994	0	/web/refkota
1	0	0	0	1	0	0	24769210	0	0	24769210	0	/assetskaha/images/img_bg_1.jpg
1	72	0	0	0	24800236	0	0	24768490	0	0	347204	/assets/24f5ea17/yii.activeForm.js
1	15	0	0	40	24766487	0	24766496	24766444	0	24766442	11796	/js/jquery.stellar.min.js
1	0	0	0	1	0	0	24768541	0	0	24768541	0	/gii/default/preview?id=crud&file=55358aec58f1b7fb566106c9c4b445d0
1	0	0	0	4	0	0	24769323	0	0	24769203	0	/assets/kaha/sass/bootstrap/_glyphicons.scss
1	1	0	0	0	24769133	0	0	24769133	0	0	1430	/refkereta?210.57.215.134
1	2	0	0	0	24766335	0	0	24766331	0	0	56988	/assets/f801963/css/bootstrap.css
1	0	0	0	31	0	0	24776428	0	0	24768899	0	/site/error.php
1	0	0	0	3	0	0	24768542	0	0	24768527	0	/web/assets/kaha/images/place-3.jpg
1	1	0	0	0	24766309	0	0	24766309	0	0	1197	/_autoindex/icons/html.png
1	0	0	0	1	0	0	24769195	0	0	24769195	0	/site/assets/kaha/assets/kaha/js/jquery.min.js
1	4	0	0	0	24774688	0	0	24774687	0	0	799060	/assets/kaha/images/1.png
1	187	0	0	0	24800234	0	0	24770915	0	0	136337	/assets/14081c2b/js/select2-krajee.js
1	2	0	0	0	24768542	0	0	24768527	0	0	636	/web/favicon.ico
1	0	0	0	34	0	0	24766462	0	0	24766443	0	/css/fonts/icomoon.ttf?1oniuf
1	2	2	0	0	24769328	0	0	24769327	0	0	12349	/index.php/?r=datakartu
1	0	0	0	1	0	0	24766448	0	0	24766448	0	/site/css/icomoon.css
1	0	0	0	2	0	0	24768560	0	0	24768560	0	/gii/default/preview?id=crud&file=6690191cc2c8e8887b32823724de935a
1	0	0	0	4	0	0	24769324	0	0	24769204	0	/assets/kaha/sass/bootstrap/mixins/_list-group.scss
1	22	0	0	8	24766487	0	24766498	24766443	0	24766442	34872	/css/style.css
1	128	0	0	0	24800234	0	0	24770899	0	0	192066	/assets/9633042b/css/bootstrap-datepicker3.css
1	0	0	0	3	0	0	24769331	0	0	24768854	0	/assets/assets/kaha/js/bootstrap.min.js
1	837	0	0	0	24800234	0	0	24766499	0	0	1097282	/assets/kaha/js/superfish.js
1	0	0	0	1	0	0	24768561	0	0	24768561	0	/gii/default/preview?id=crud&file=72fb89945351a7d9d827c83cc373c0a1
1	855	0	0	0	24800234	0	0	24766499	0	0	845642	/assets/kaha/css/magnific-popup.css
1	0	0	0	3	0	0	24769331	0	0	24768854	0	/assets/assets/kaha/js/main.js
1	0	0	0	4	0	0	24769323	0	0	24769203	0	/assets/kaha/sass/bootstrap/_thumbnails.scss
1	0	0	0	15	0	0	24777866	0	0	24767144	0	/assets/kaha/fonts/themify.woff?-fvbane
1	0	0	0	3	0	0	24777971	0	0	24777965	0	/datpemesananhotel/LaporanPemesananHotel?id=KH0001
1	0	0	0	7	0	0	24769208	0	0	24769194	0	/site/assets/kaha/images/place-5.jpg
1	0	0	0	1	0	0	24775081	0	0	24775081	0	/site/Datusers
1	921	0	0	0	24800234	0	0	24766398	0	0	6492159	/assets/7635c85c/js/bootstrap.js
1	0	0	0	1	0	0	24768680	0	0	24768680	0	/datuser/delete?id=narawata
1	0	0	0	1	0	0	24768533	0	0	24768533	0	/gii/default/preview?id=model&file=fb8ff582fbc30001bd76005c07d2e655
1	0	0	0	13	0	0	24768976	0	0	24768967	0	/assets/struktur/js/primitives.min.js
1	1	1	0	10	24767280	0	24774091	24767280	0	24767144	0	/flight.html
1	0	0	0	1	0	0	24768550	0	0	24768550	0	/gii/default/preview?id=crud&file=5bbe49f0d7c68f9ac2fee7910ceb5fee
1	0	0	0	20	0	0	24777961	0	0	24776541	0	/datpemesananhotel/detpesanhotel?id=KH0001
1	28	0	0	0	24776461	0	0	24768659	0	0	75676	/datakartu
1	0	0	0	2	0	0	24769195	0	0	24769195	0	/site/assets/kaha/assets/kaha/js/hoverIntent.js
1	0	0	0	3	0	0	24768542	0	0	24768527	0	/web/assets/kaha/images/place-10.jpg
1	0	0	0	3	0	0	24769331	0	0	24768854	0	/assets/assets/kaha/js/bootstrap-datepicker.min.js
1	0	0	0	11	0	0	24769194	0	0	24769181	0	/index
1	0	0	0	4	0	0	24769323	0	0	24769203	0	/assets/kaha/sass/bootstrap/_navs.scss
1	0	0	0	3	0	0	24769225	0	0	24769224	0	/registrasi
1	5	0	0	0	24777922	0	0	24777899	0	0	6251	/laporanpemesananpesawat
1	25	0	0	12	24766487	0	24766502	24766442	0	24766494	2373888	/images/kaha.jpg
1	184	0	0	0	24800234	0	0	24770915	0	0	3027634	/assets/14081c2b/js/select2.full.js
1	1	0	0	0	24776439	0	0	24776439	0	0	0	/site/flight?from=&to_place=&check_in=
1	5	0	0	0	24781544	0	0	24778706	0	0	17655	/site/flight?from=CGK&to_place=HLP&check_in=2017/02/09&class=Economy
1	23	0	0	0	24775350	0	0	24768950	0	0	71110	/refkereta/create
1	0	0	0	2	0	0	24769331	0	0	24768854	0	/assets/assets/kaha/css/magnific-popup.css
1	46	0	0	0	24776188	0	0	24766458	0	0	277314	/index.php
1	44	0	0	2	24776529	0	24776511	24776479	0	24776506	151298	/site/flight?from=CGK&to_place=SUB&check_in=2017/02/07&class=Ekonomi
1	0	0	0	14	0	0	24766459	0	0	24766457	0	/site/js/classie.js
1	0	0	0	6	0	0	24769323	0	0	24769203	0	/assets/kaha/sass/bootstrap/_variables.scss
1	17	0	0	0	24768927	0	0	24768818	0	0	72465	/datpemesanan/create
1	0	0	0	1	0	0	24769385	0	0	24769385	0	/refkota?RefkotaSearch[KDKOTA]=&RefkotaSearch[NMKOTA]=&RefkotaSearch[KDPROP]=&RefkotaSearch[NMPROP]=anu
1	0	0	0	1	0	0	24769985	0	0	24769985	0	/refpropinsi/delete/03
1	0	0	0	4	0	0	24769323	0	0	24769203	0	/assets/kaha/sass/bootstrap/_scaffolding.scss
1	24	0	0	4	24766488	0	24766496	24766442	0	24766494	74448	/images/place-7.jpg
1	220	0	0	0	24800234	0	0	24770899	0	0	38905	/assets/c7e8b610/css/kv-widgets.css
1	0	0	0	3	0	0	24769210	0	0	24769204	0	/assets/kaha/sass/bootstrap/_close.scss
1	0	0	0	7	0	0	24766459	0	0	24766457	0	/site/images/place-8.jpg
1	0	0	0	4	0	0	24769343	0	0	24769273	0	/site/assets/kaha/js/selectFx.js
1	0	0	0	34	0	0	24766462	0	0	24766443	0	/fonts/icomoon/icomoon.woff?srf3rx
1	4	0	0	0	24795301	0	0	24772066	0	0	92	/robots.txt?180.251.82.246
1	505	0	0	0	24796237	0	0	24766499	0	0	1545440	/assets/kaha/images/place-9.jpg
1	0	0	0	3	0	0	24768542	0	0	24768527	0	/web/assets/kaha/images/img_bg_1.jpg
1	0	0	0	3	0	0	24769331	0	0	24768854	0	/assets/assets/kaha/js/jquery.magnific-popup.min.js
1	0	0	0	2	0	0	24769195	0	0	24769195	0	/site/assets/kaha/assets/kaha/js/jquery.waypoints.min.js
1	0	0	0	1	0	0	24769210	0	0	24769210	0	/assetskaha/images/place-7.jpg
1	8	0	0	34	24766488	0	24766462	24766465	0	24766443	448928	/fonts/icomoon/icomoon.ttf?srf3rx
1	0	0	0	2	0	0	24769197	0	0	24769195	0	/site/assets/kaha/assets/kaha/css/animate.css
1	1	0	0	0	24769437	0	0	24769437	0	0	2810	/refkota?RefkotaSearch[NMPROP]=&RefkotaSearch[NMKOTA]=&RefkotaSearch[KDKOTA]=&RefkotaSearch[KDPROP]=
1	3	0	0	21	24769430	0	24769429	24769385	0	24769390	8736	/refkota?RefkotaSearch[KDKOTA]=&RefkotaSearch[NMKOTA]=&RefkotaSearch[KDPROP]=&RefkotaSearch[NMPROP]=
1	0	0	0	3	0	0	24769331	0	0	24768854	0	/assets/assets/kaha/js/selectFx.js
1	0	0	0	9	0	0	24766459	0	0	24766457	0	/site/images/kaha.jpg
1	0	0	0	2	0	0	24777974	0	0	24777974	0	/datpemesananhotel/datpesananhotel?id=KH0001
1	187	0	0	0	24800234	0	0	24770915	0	0	58443	/assets/c7e8b610/img/loading-plugin.gif
1	0	0	0	1	0	0	24768963	0	0	24768963	0	/refkota/favicon.ico
1	1	0	0	1	24775083	0	24775084	24775083	0	24775084	25729	/ws/datuser
1	0	0	0	4	0	0	24769343	0	0	24769273	0	/site/assets/kaha/js/magnific-popup-options.js
1	4	4	0	0	24776406	0	0	24776400	0	0	29806	/?gii
1	23	0	0	6	24766487	0	24766496	24766442	0	24766494	12566	/images/place-2.jpg
1	61	0	0	0	24777241	0	0	24776171	0	0	11200548	/assets/kaha/images/pesawat04.png
1	0	0	0	7	0	0	24766459	0	0	24766457	0	/site/images/place-3.jpg
1	0	0	0	14	0	0	24766459	0	0	24766457	0	/site/js/bootstrap-datepicker.min.js
1	0	0	0	2	0	0	24769327	0	0	24769326	0	/index.php/favicon.ico
1	0	0	0	29	0	0	24769373	0	0	24768899	0	/site/favicon.ico
1	0	0	0	1	0	0	24776437	0	0	24776437	0	/site/flight.php?from=HLP&to_place=CGK&check_in=
1	22	0	0	0	24776158	0	0	24775313	0	0	7799872	/assets/kaha/images/pesawat3.png
1	3	0	1	0	24770952	24770953	0	24770951	24770953	0	14753	/site/registrasi?id=fajar
1	2	0	0	0	24768927	0	0	24768840	0	0	6651	/datpemesanan/index?sort=KDBOOKING
1	1	0	0	0	24768571	0	0	24768571	0	0	6064	/web/index.php
1	0	0	0	2	0	0	24769342	0	0	24769273	0	/site/assets/kaha/css/style.css
1	0	0	0	1	0	0	24775081	0	0	24775081	0	/web/site/index
1	0	0	0	7	0	0	24766459	0	0	24766457	0	/site/images/bg.jpg
1	0	0	0	1	0	0	24777919	0	0	24777919	0	/site/site/booking
1	412	0	0	0	24796237	0	0	24766499	0	0	1449420	/assets/kaha/images/place-4.jpg
1	8	0	0	0	24800235	0	0	24778726	0	0	16438	/assets/kaha/images/tato_susilo.jpg
1	0	0	0	4	0	0	24769323	0	0	24769203	0	/assets/kaha/sass/bootstrap/mixins/_nav-divider.scss
1	0	0	0	2	0	0	24769109	0	0	24769001	0	/about.php
1	0	0	0	1	0	0	24768560	0	0	24768560	0	/gii/default/preview?id=crud&file=eecb7f7df9fcf6455a120f9afcdd1dda
1	0	0	0	2	0	0	24769342	0	0	24769273	0	/site/assets/kaha/css/animate.css
1	2	0	0	0	24792244	0	0	24770615	0	0	8338	/site/registrasi?id=abc
1	0	0	0	1	0	0	24768551	0	0	24768551	0	/gii/default/preview?id=crud&file=3e5702c206ad5b553ae990d4a551f102
1	0	0	0	1	0	0	24769209	0	0	24769209	0	/assetskaha/images/place-2.jpg
1	493	0	0	0	24796237	0	0	24766499	0	0	1701700	/assets/kaha/images/place-10.jpg
1	470	0	0	0	24796237	0	0	24766499	0	0	2426474	/assets/kaha/js/bootstrap.min.js
1	829	0	0	0	24800234	0	0	24766498	0	0	2511803	/assets/kaha/js/modernizr-2.6.2.min.js
1	0	0	0	3	0	0	24775083	0	0	24775081	0	/site/Datuser
1	836	0	0	0	24800234	0	0	24766499	0	0	657688	/assets/kaha/js/hoverIntent.js
1	48	0	0	0	24769324	0	0	24769288	0	0	3765	/assets/kaha/css/site.css
1	22	0	0	0	24778698	0	0	24770915	0	0	3766	/assets/14081c2b/css/search.png
1	0	0	0	14	0	0	24777866	0	0	24767144	0	/assets/kaha/fonts/themify.ttf?-fvbane
1	0	0	0	3	0	0	24768542	0	0	24768527	0	/web/assets/kaha/images/place-5.jpg
1	23	0	0	7	24766487	0	24766498	24766442	0	24766442	87084	/css/bootstrap.css
1	13	0	0	2	24777939	0	24777956	24777921	0	24777928	61454	/site/booking
1	11	0	0	0	24776437	0	0	24776432	0	0	0	/site/flight?from=HLP&to_place=CGK&check_in=
1	2	0	0	0	24768526	0	0	24766396	0	0	11294	/web/assets/24f5ea17/yii.js
1	7	0	0	0	24776410	0	0	24767914	0	0	23282	/assets/584bfb02/gii.js
1	1	0	0	0	24774692	0	0	24774692	0	0	20312	/assets/kaha/images/s1nyal.jpg
1	0	0	0	4	0	0	24776464	0	0	24776461	0	/laporanpemesananhotel/_formfilter
1	0	0	0	1	0	0	24775095	0	0	24775095	0	/api/v1/Datuser
1	0	0	0	4	0	0	24769323	0	0	24769203	0	/assets/kaha/sass/bootstrap/_button-groups.scss
1	0	0	0	3	0	0	24769331	0	0	24768854	0	/assets/assets/kaha/js/superfish.js
1	6	0	0	0	24776410	0	0	24767914	0	0	9912	/assets/584bfb02/main.css
1	5	0	0	0	24769329	0	0	24768889	0	0	11026	/refhotel
1	0	0	0	1	0	0	24775081	0	0	24775081	0	/web/site/
1	0	0	0	1	0	0	24776460	0	0	24776460	0	/laporanpemesananhotel/_formfilter/
1	1	0	0	0	24770953	0	0	24770953	0	0	5271	/site/registrasi?id=wawan
1	846	0	0	0	24800234	0	0	24766499	0	0	3525118	/assets/kaha/js/jquery.magnific-popup.min.js
1	0	0	0	1	0	0	24768818	0	0	24768818	0	/gii/default/preview?id=crud&file=5c0dc95b8244f0943d88d2efe43bdd98
1	0	0	0	4	0	0	24769323	0	0	24769203	0	/assets/kaha/sass/bootstrap/mixins/_text-overflow.scss
1	0	0	0	6	0	0	24769323	0	0	24769203	0	/assets/kaha/sass/bootstrap/_print.scss
1	21	21	0	11	24777997	0	24771051	24771046	0	24771031	35016	/laporanpemesananhotel/
1	17	0	0	0	24768991	0	0	24768985	0	0	47709	/refkota/index?sort=KDKOTA
1	0	0	0	17	0	0	24777993	0	0	24777975	0	/datpemesananhotel/datpesanhotel?id=KH0001
1	1	0	0	0	24766332	0	0	24766332	0	0	937	/index.php?r=site/about
1	21	0	0	8	24766487	0	24766498	24766443	0	24766442	6912	/css/cs-select.css
1	0	0	0	13	0	0	24770106	0	0	24766457	0	/site/index.php
1	0	0	0	7	0	0	24769208	0	0	24769194	0	/site/assets/kaha/images/place-7.jpg
1	853	0	0	0	24800234	0	0	24766499	0	0	2388412	/assets/kaha/css/animate.css
1	7	0	0	0	24776410	0	0	24767914	0	0	46739	/assets/584bfb02/logo.png
1	121	0	3	8	24800236	24770948	24770896	24769227	24770615	24769225	494753	/site/registrasi
1	131	0	0	1	24776415	0	24776409	24768490	0	24776409	594592	/gii/model
1	0	0	0	510	0	0	24772668	0	0	24766499	0	/assets/kaha/images/img_bg_1.jpg
1	13	0	0	25	24766487	0	24766496	24766444	0	24766442	20241	/js/modernizr-2.6.2.min.js
1	29	0	0	0	24770992	0	0	24768519	0	0	81974	/gii/controller
1	16	0	0	0	24768817	0	0	24768519	0	0	33876	/gii/module
1	0	0	0	14	0	0	24766459	0	0	24766457	0	/site/js/hoverIntent.js
1	0	0	0	4	0	0	24769323	0	0	24769203	0	/assets/kaha/sass/bootstrap/_progress-bars.scss
1	128	0	0	0	24800234	0	0	24770899	0	0	27161	/assets/9633042b/css/datepicker-kv.css
1	0	0	0	1	0	0	24769195	0	0	24769195	0	/site/assets/kaha/images/favicon.ico
1	22	0	0	8	24766487	0	24766498	24766443	0	24766442	4924	/css/bootstrap-datepicker.min.css
1	0	0	0	3	0	0	24769210	0	0	24769204	0	/assets/kaha/sass/bootstrap/mixins/_responsive-visibility.scss
1	2	0	0	0	24766335	0	0	24766331	0	0	352211	/assets/9d7847/jquery.js
1	0	0	0	7	0	0	24769208	0	0	24769194	0	/site/assets/kaha/images/place-2.jpg
1	0	0	0	4	0	0	24769343	0	0	24769273	0	/site/assets/kaha/js/sticky.js
1	0	0	0	4	0	0	24769343	0	0	24769273	0	/site/assets/kaha/js/jquery.stellar.min.js
1	916	916	0	71	24800325	0	24775667	24765888	0	24766331	6265704	/
1	0	0	0	7	0	0	24768956	0	0	24768955	0	/refkereta/index.php
1	0	0	0	1	0	0	24775087	0	0	24775087	0	/web/ws/Datuser
1	0	0	0	1	0	0	24768854	0	0	24768854	0	/assets/assets/kaha/css/bootstrap.css
1	0	0	0	3	0	0	24769331	0	0	24768854	0	/assets/assets/kaha/js/jquery.easing.1.3.js
1	0	0	0	4	0	0	24769323	0	0	24769203	0	/assets/kaha/sass/bootstrap/mixins/_forms.scss
1	0	0	0	4	0	0	24769343	0	0	24769273	0	/site/assets/kaha/js/jquery.min.js
1	0	0	0	1	0	0	24775085	0	0	24775085	0	/app/models/Datuser
1	1	0	0	0	24770615	0	0	24770615	0	0	3634	/site/registrasi?id=yan
1	2	0	0	0	24768526	0	0	24766417	0	0	1540	/web/css/site.css
1	3	0	0	0	24769312	0	0	24769295	0	0	810818	/assets/kaha/images/header-bg.jpg
1	1	1	0	0	24767731	0	0	24767731	0	0	6051	/?173.252.124.57
1	0	0	0	1	0	0	24768840	0	0	24768840	0	/datpemesanan/favicon.ico
1	0	0	0	2	0	0	24769000	0	0	24769000	0	/views/site/index-backend.php
1	3	0	0	0	24769985	0	0	24769985	0	0	4999	/refpropinsi/update/01
1	4	0	0	3	24772331	0	24769986	24769986	0	24769986	6670	/refpropinsi/update/00
1	0	0	0	5	0	0	24777997	0	0	24777993	0	/laporanpemesananhotel/datpesanhotel?id=KH0001
1	0	0	0	3	0	0	24769210	0	0	24769204	0	/assets/kaha/sass/bootstrap/mixins/_reset-text.scss
1	1	0	0	0	24769985	0	0	24769985	0	0	1239	/refpropinsi/01
1	0	0	0	3	0	0	24777902	0	0	24777885	0	/laporanpemesananpeswat
1	4	0	0	0	24769986	0	0	24769985	0	0	4869	/refpropinsi/00
1	1	0	0	0	24776400	0	0	24776400	0	0	7446	/index.php?gii
1	936	0	0	0	24800234	0	0	24766398	0	0	11453271	/assets/7635c85c/css/bootstrap.css
1	0	0	0	2	0	0	24769195	0	0	24769195	0	/site/assets/kaha/assets/kaha/js/classie.js
1	4	0	0	0	24777315	0	0	24777305	0	0	13957	/site/flight?from=CGK&to_place=SUB&check_in=2017/02/08&class=Ekonomi
1	22	0	0	4	24766488	0	24766496	24766442	0	24766494	17832	/images/place-9.jpg
1	0	0	0	3	0	0	24768842	0	0	24768840	0	/datpemesanan/assets/kaha/images/kaha.jpg
1	0	0	0	4	0	0	24769276	0	0	24769268	0	/site/site/registrasi
1	0	0	0	4	0	0	24769323	0	0	24769203	0	/assets/kaha/sass/bootstrap/_badges.scss
1	0	0	0	4	0	0	24769323	0	0	24769203	0	/assets/kaha/sass/bootstrap/_list-group.scss
1	0	0	0	1	0	0	24771061	0	0	24771061	0	/laporanpemesananhotel/jadwal-sidang/rincian?id=
1	0	0	0	2	0	0	24769331	0	0	24768854	0	/assets/assets/kaha/css/cs-select.css
1	11	11	0	0	24800234	0	0	24770606	0	0	85474	/?180.251.82.246
1	127	0	0	0	24800234	0	0	24770899	0	0	38351	/assets/9633042b/js/datepicker-kv.js
1	15	0	0	36	24766487	0	24766496	24766444	0	24766442	25578	/js/jquery.magnific-popup.min.js
1	0	0	0	6	0	0	24769323	0	0	24769203	0	/assets/kaha/sass/bootstrap/mixins/_vendor-prefixes.scss
1	0	0	0	3	0	0	24769210	0	0	24769204	0	/assets/kaha/sass/bootstrap/_modals.scss
1	0	0	0	1	0	0	24770933	0	0	24770933	0	/cpnel
1	763	0	0	0	24800235	0	0	24766499	0	0	83117244	/assets/kaha/fonts/icomoon/icomoon.ttf?srf3rx
3	92	0	0	19	24777997	0	24777997	24771032	0	24771061	1186000	http://kahadevelop.arctoys.com/laporanpemesananhotel/
3	2	0	0	0	24770818	0	0	24770818	0	0	11217	http://kahadevelop.arctoys.com/datpemesananhotel/create
3	54	0	1	0	24770953	24770953	0	24770952	24770953	0	17307	http://kahadevelop.arctoys.com/site/registrasi?id=fajar
3	3	0	0	10	24768976	0	24768967	24768968	0	24768967	8933	http://kahadevelop.arctoys.com/refkota/index?RefkotaSearch[KDKOTA]=&RefkotaSearch[NMKOTA]=vs&RefkotaSearch[KDPROP]=&page=1
3	67	0	0	0	24800234	0	0	24768679	0	0	955484	http://kahadevelop.arctoys.com/assets/kaha/css/bootstrap.css
3	2	0	0	1	24766333	0	24766332	24766332	0	24766332	2570	http://kahadevelop.arctoys.com/index.php?r=site/about
3	47	0	0	7	24770247	0	24769272	24769272	0	24769195	762992	http://kahadevelop.arctoys.com/site/index.php
3	4	4	0	0	24766467	0	0	24766085	0	0	18699	https://www.facebook.com/
3	6	6	0	0	24768493	0	0	24768480	0	0	36304	https://l.facebook.com/
3	28	0	0	3	24778699	0	24778121	24778003	0	24778120	222371	http://kahadevelop.arctoys.com/datpemesananhotel/viewdetail?id=KH0001
3	1	0	0	0	24776509	0	0	24776509	0	0	1288	http://kahadevelop.arctoys.com/detailpesanhotel
3	2	0	0	0	24777977	0	0	24777964	0	0	3577	http://kahadevelop.arctoys.com/datpemesananhotel/index?id=KH0001
3	30	0	0	0	24777995	0	0	24777995	0	0	874208	http://kahadevelop.arctoys.com/datpesanhotel?id=KH0001
3	29	0	0	4	24769280	0	24769276	24769271	0	24769268	6166	http://kahadevelop.arctoys.com/site/site/registrasi
3	115	0	0	0	24800234	0	0	24770915	0	0	49126	http://kahadevelop.arctoys.com/assets/c7e8b610/css/kv-widgets.css
3	1	1	0	0	24767144	0	0	24767144	0	0	6092	http://l.facebook.com/l.php?u=http://kahadevelop.arctoys.com/&h=ATO6yi1hmi2m2-cZdlFdNAmg-n_1cJ-6jW_TOYsM4VB4FDEoNOpZjhCcFjk_PZwELTffat1q_1Nbw7cFL7R_OmJeDwILllxrk3J64ZHoZ56unOynDPJwPKDeBIH4kCxyWHH6Cyg_TDSBqMlO
3	2	0	0	0	24770992	0	0	24770992	0	0	6803	http://kahadevelop.arctoys.com/gii/controller
3	0	0	0	68	0	0	24766462	0	0	24766443	0	http://kahadevelop.arctoys.com/css/icomoon.css
3	0	0	0	49	0	0	24769197	0	0	24769195	0	http://kahadevelop.arctoys.com/site/assets/kaha/images/kaha.jpg
3	7	0	0	4	24778739	0	24778725	24778726	0	24778724	29715	http://kahadevelop.arctoys.com/site/flight?from=CGK&to_place=HLP&check_in=2017/02/09&class=Economy
3	24	2	0	7	24766431	0	24766405	24766334	0	24766334	33041	http://kahadevelop.arctoys.com/site/about
3	5	0	0	1	24766417	0	24766417	24766396	0	24766417	310869	http://kahadevelop.arctoys.com/web/
3	1	0	0	0	24769985	0	0	24769985	0	0	1667	http://kahadevelop.arctoys.com/refpropinsi/update/01
3	9	0	0	1	24770010	0	24769986	24769986	0	24769986	3311	http://kahadevelop.arctoys.com/refpropinsi/update/00
3	30	0	0	0	24777994	0	0	24777994	0	0	874208	http://kahadevelop.arctoys.com/laporanpemesananhotel/datpesanhotel?id=KH0001
3	29	0	0	0	24778000	0	0	24778000	0	0	0	http://kahadevelop.arctoys.com/laporanpemesananhotel/view?id=KH0001
3	8	0	0	68	24766488	0	24766462	24766465	0	24766443	448928	http://kahadevelop.arctoys.com/css/style.css
3	1	0	0	0	24776430	0	0	24776430	0	0	318	http://kahadevelop.arctoys.com/site/flight?from=CGK&to-place=HLP&check-in=
3	940	0	0	0	24776529	0	0	24776480	0	0	26410214	http://kahadevelop.arctoys.com/site/flight?from=CGK&to_place=SUB&check_in=2017/02/07&class=Ekonomi
3	7	0	0	0	24777880	0	0	24776518	0	0	9881	http://kahadevelop.arctoys.com/site/flight?from=HLP&to_place=SUB&check_in=2017/02/08&class=Ekonomi
3	2	0	0	1	24766335	0	24766334	24766334	0	24766334	4526	http://kahadevelop.arctoys.com/site/login
3	0	0	0	17	0	0	24768991	0	0	24768899	0	http://kahadevelop.arctoys.com/site/error.php
3	5	0	0	0	24770967	0	0	24770967	0	0	38341	http://kahadevelop.arctoys.com/gii/
3	91	0	0	0	24777877	0	0	24777873	0	0	2624030	http://kahadevelop.arctoys.com/site/flight?from=HLP&to_place=SUB&check_in=2017/02/09&class=Economy
3	2	0	0	3	24768967	0	24768963	24768963	0	24768963	7260	http://kahadevelop.arctoys.com/refkota/index?page=2
3	31	0	0	8	24769222	0	24769224	24769222	0	24769221	0	http://kahadevelop.arctoys.com/site/site/register
3	1	0	0	8	24768967	0	24768967	24768967	0	24768963	1578	http://kahadevelop.arctoys.com/refkota/index?page=1
3	2	0	0	2	24769324	0	24769321	24769320	0	24769320	28657	http://kahadevelop.arctoys.com/css/site.css
3	4	0	0	7	24768842	0	24768842	24768840	0	24768840	16533	http://kahadevelop.arctoys.com/datpemesanan/create
3	30	0	0	0	24776500	0	0	24776479	0	0	35375	http://kahadevelop.arctoys.com/laporanpemesananhotel/detailpesanhotel?id=KH0001
3	0	0	0	2	0	0	24769330	0	0	24769330	0	http://kahadevelop.arctoys.com/refpropinsi/index?page=2
3	98	0	0	1	24776451	0	24776448	24776439	0	24776448	2595225	http://kahadevelop.arctoys.com/site/flight?from=HLP&to_place=SUB&check_in=
3	1	0	0	0	24775350	0	0	24775350	0	0	1638	http://yandex.ru/clck/jsredir?from=yandex.ru%3Bsearch%3Bweb%3B%3B&text=&etext=1324.DuHS9SU4uQnb-TaLpuociQHSIY4uyDrvCTN5m4e_hN_4jEFlPi2BOJh8VzNvT_Y-.f5b47c80a220a9f415c6e6e4ddc2867fad86e9d2&uuid=&state=_BLhILn4SxNIvvL0W45KSic66uCIg23qh8iRG98qeIXmeppkgUc0YHRNgn3KsbHJbmUkku86_mY&data=UlNrNmk5WktYejR0eWJFYk1LdmtxcklIV3llb2FtU0drb1lYaDhXWUpPUDRoVWRRSFE0NnZiM2R6TVJjVHRfVVF3ZGR6NGdwaExOYWRNMkJXTWltVFhlZ2d0UzVtb2lLc2ZuU0N1MkZQUk54Q3UzQWZTRmhWRkttRTBCYnluTThad0RSQ1FmRmZ2cw&b64e=2&sign=97e67f1e0fa9e861cb931d34550e2dd1&keyno=0&cst=AiuY0DBWFJ7IXge4WdYJQSaYtyyri96F_NFCnCXvzFS-6ir7nLSxOamVSbSqKl7XcOYPTQP56gvyL8sqLqMHHJ361kRgbi6671gccowIIxj8Y98Evd6q3nFykSTRaJ0ZCpnJitFECEhOv2fCT1x0G7SE7TzOKqs_&ref=orjY4mGPRjk5boDnW0uvlrrd71vZw9kp5uQozpMtKCW8s5kfnNkNjz2gVWk9Y53JlJ-EZjC_zugoaB0cN62SBGT7-U0zWS1TqEACY4N-x6lYhDMsppKrCFrs_BBnfkJ6&l10n=ru&cts=1486408833115&mc=1.76411042783
3	2436	0	3	113	24800236	24770948	24772150	24769240	24770615	24769227	23281425	http://kahadevelop.arctoys.com/site/registrasi
3	1	0	0	1	24769002	0	24769001	24769002	0	24769001	6083	http://kahadevelop.arctoys.com/about.php
3	15	0	0	8	24769275	0	24769275	24769275	0	24769268	0	http://kahadevelop.arctoys.com/site/site/index
3	0	0	0	29	0	0	24769331	0	0	24769331	0	http://kahadevelop.arctoys.com/assets/kaha/images/img_bg_1.jpg
3	0	0	0	2	0	0	24768526	0	0	24768526	0	http://kahadevelop.arctoys.com/?=gii
3	43	0	0	5	24769329	0	24769329	24769328	0	24769327	31659	http://kahadevelop.arctoys.com/index.php/?r=datakartu
3	2	0	0	4	24770618	0	24770618	24770618	0	24770615	6146	http://kahadevelop.arctoys.com/site/registrasi?id=yan
3	1	0	0	3	24768680	0	24768680	24768680	0	24768679	3367	http://kahadevelop.arctoys.com/datuser/view?id=narawata
3	0	0	0	12	0	0	24770854	0	0	24768626	0	http://kahadevelop.arctoys.com/assets/kaha/css/icomoon.css
3	3	0	0	2	24769329	0	24769316	24768962	0	24768962	8443	http://kahadevelop.arctoys.com/refhotel
3	28	0	0	0	24775084	0	0	24775084	0	0	0	http://kahadevelop.arctoys.com/ws/datuser
3	35	2	0	6	24768956	0	24768956	24768956	0	24768956	24521	http://kahadevelop.arctoys.com/refkereta/index
3	1	0	0	0	24770954	0	0	24770954	0	0	6800	http://kahadevelop.arctoys.com/site/registrasi?id=wawan
3	638	0	0	0	24777981	0	0	24777957	0	0	18392933	http://kahadevelop.arctoys.com/site/booking?id=7
3	4	0	0	0	24770948	0	0	24770947	0	0	13092	http://kahadevelop.arctoys.com/gii/form
3	0	0	0	2	0	0	24769000	0	0	24768999	0	http://kahadevelop.arctoys.com/index-backend.php
3	29	0	0	0	24777902	0	0	24777902	0	0	0	http://kahadevelop.arctoys.com/laporanpemesananpeswat
3	208	0	0	18	24769197	0	24769194	24769181	0	24769181	65025	http://kahadevelop.arctoys.com/index
3	2	0	0	0	24769985	0	0	24769985	0	0	3862	http://kahadevelop.arctoys.com/refpropinsi/00
3	0	0	0	1	0	0	24777979	0	0	24777979	0	http://kahadevelop.arctoys.com/site/booking?id=2
3	0	0	0	15	0	0	24768833	0	0	24767144	0	http://kahadevelop.arctoys.com/vacation.html
3	2	0	0	1	24769447	0	24769447	24769438	0	24769447	2923	http://kahadevelop.arctoys.com/refkota?RefkotaSearch[NMPROP]=&RefkotaSearch[NMKOTA]=&RefkotaSearch[KDKOTA]=&RefkotaSearch[KDPROP]=
3	61	0	0	5	24769437	0	24769435	24769403	0	24769432	55407	http://kahadevelop.arctoys.com/refkota?RefkotaSearch[KDKOTA]=&RefkotaSearch[NMKOTA]=&RefkotaSearch[KDPROP]=&RefkotaSearch[NMPROP]=
3	65	0	0	0	24769438	0	0	24769431	0	0	2810	http://kahadevelop.arctoys.com/refkota?RefkotaSearch[KDKOTA]=&RefkotaSearch[NMKOTA]=&RefkotaSearch[KDPROP]=&RefkotaSearch[NMPROP]=Jawa
3	37	0	0	0	24778698	0	0	24770915	0	0	18592	http://kahadevelop.arctoys.com/assets/14081c2b/css/select2-krajee.css
3	216	0	0	3	24777981	0	24777956	24777883	0	24777919	5389461	http://kahadevelop.arctoys.com/site/flight?from=HLP&to_place=SUB&check_in=2017/02/08&class=Economy
3	0	0	0	2	0	0	24768958	0	0	24768958	0	http://kahadevelop.arctoys.com/refkereta/refkereta
3	1042	0	0	55	24768927	0	24768926	24768814	0	24768813	533841	http://kahadevelop.arctoys.com/datpemesanan
3	3	0	0	0	24776429	0	0	24776428	0	0	954	http://kahadevelop.arctoys.com/site/flight?from=HLP&to-place=SUB&check-in=12/12/2012
3	59	0	0	0	24777993	0	0	24777986	0	0	874208	http://kahadevelop.arctoys.com/datpemesananhotel/datpesanhotel?id=KH0001
3	31	1	0	9	24768991	0	24768991	24768985	0	24768985	64068	http://kahadevelop.arctoys.com/refkota/index?sort=KDKOTA
3	0	0	0	2	0	0	24769000	0	0	24769000	0	http://kahadevelop.arctoys.com/site/index-backend.php
3	1	0	0	0	24769888	0	0	24769888	0	0	6066	http://kahadevelop.arctoys.com/site/hotel.html
3	7	0	0	39	24768542	0	24768542	24768526	0	24768527	147321	http://kahadevelop.arctoys.com/web/index.php?r=perusahaan
3	183	0	0	5	24776417	0	24768817	24768490	0	24768519	727926	http://kahadevelop.arctoys.com/gii/model
3	186	0	0	7	24768962	0	24768957	24768946	0	24768946	136215	http://kahadevelop.arctoys.com/refkereta
3	23200	85	0	2021	24800235	0	24777234	24765888	0	24765888	297667030	http://kahadevelop.arctoys.com/
3	4	0	0	0	24769985	0	0	24769342	0	0	20724	http://kahadevelop.arctoys.com/refpropinsi/create
3	391	0	0	24	24776415	0	24776409	24767164	0	24767164	3242433	http://kahadevelop.arctoys.com/gii
3	27	0	0	3	24800236	0	24778740	24778741	0	24778740	244137	http://kahadevelop.arctoys.com/site/contact-us
3	6	0	1	0	24770952	24770951	0	24770948	24770951	0	33807	http://kahadevelop.arctoys.com/site/registrasi?id=galih
3	1	0	0	0	24777979	0	0	24777979	0	0	3377	http://kahadevelop.arctoys.com/site/flight?from=&to_place=&check_in=&class=Economy
3	7	0	0	0	24776437	0	0	24776433	0	0	2226	http://kahadevelop.arctoys.com/site/flight?from=HLP&to_place=CGK&check_in=
3	1	0	0	2	24768962	0	24769316	24768962	0	24768962	4412	http://kahadevelop.arctoys.com/refkamar
3	0	0	0	1	0	0	24769223	0	0	24769223	0	http://kahadevelop.arctoys.com/site/register
3	2	0	0	1	24768816	0	24768816	24768816	0	24768816	9579	http://kahadevelop.arctoys.com/detailangkutan
3	12	0	0	2	24777923	0	24777901	24777901	0	24777901	2542	http://kahadevelop.arctoys.com/laporanpemesananpesawat
3	292	1	0	77	24778699	0	24778699	24770871	0	24770997	1262837	http://kahadevelop.arctoys.com/laporanpemesananhotel
3	3	0	0	0	24778741	0	0	24778741	0	0	10402	http://kahadevelop.arctoys.com/site/contactus
3	6	0	0	2	24766336	0	24766336	24766334	0	24766334	18374	http://kahadevelop.arctoys.com/site/contact
3	0	0	0	39	0	0	24769273	0	0	24769273	0	http://kahadevelop.arctoys.com/site/site/site/registrasi
3	0	0	0	1	0	0	24766426	0	0	24766426	0	http://kahadevelop.arctoys.com/logo-kaha_0.jpg
3	14	0	0	24	24769329	0	24768983	24768679	0	24768679	47523	http://kahadevelop.arctoys.com/datuser
3	2	0	0	2	24770816	0	24770803	24770794	0	24770803	4539	http://kahadevelop.arctoys.com/refmaskapai
3	0	0	0	1	0	0	24768984	0	0	24768984	0	http://kahadevelop.arctoys.com/refkota?RefkotaSearch[KDKOTA]=&RefkotaSearch[NMKOTA]=&RefkotaSearch[KDPROP]=
3	1	0	0	29	24768976	0	24768976	24768976	0	24768968	1697	http://kahadevelop.arctoys.com/refkota/index?RefkotaSearch[KDKOTA]=&RefkotaSearch[NMKOTA]=&RefkotaSearch[KDPROP]=&page=1
3	28	0	0	0	24775083	0	0	24775083	0	0	0	http://kahadevelop.arctoys.com/site/Datuser
3	0	0	0	38	0	0	24768854	0	0	24768854	0	http://kahadevelop.arctoys.com/assets/kaha/partner.jpg
3	749	0	0	0	24800235	0	0	24766499	0	0	80327341	http://kahadevelop.arctoys.com/assets/kaha/css/style.css
3	479	0	0	0	24777956	0	0	24777928	0	0	11746325	http://kahadevelop.arctoys.com/site/booking
3	444	0	0	0	24776466	0	0	24776454	0	0	12710420	http://kahadevelop.arctoys.com/site/flight?from=CGK&to_place=SUB&check_in=2017/02/01&class=business
3	23	0	0	0	24777964	0	0	24768490	0	0	329900	http://kahadevelop.arctoys.com/assets/7635c85c/css/bootstrap.css
3	479	0	0	0	24776504	0	0	24776467	0	0	13782706	http://kahadevelop.arctoys.com/site/flight?from=CGK&to_place=SUB&check_in=2017/02/07
3	0	0	0	1	0	0	24769196	0	0	24769196	0	http://kahadevelop.arctoys.com/assets/kaha/images/kaha.jpg
3	1	1	0	0	24776530	0	0	24776530	0	0	7990	http://www.google.com/search
3	23	0	0	0	24775070	0	0	24775070	0	0	699667	http://kahadevelop.arctoys.com/Datuser
3	16	0	0	28	24775350	0	24768962	24768955	0	24768955	185853	http://kahadevelop.arctoys.com/refkereta/create
3	64	0	0	0	24777951	0	0	24776542	0	0	883311	http://kahadevelop.arctoys.com/datpemesananhotel/detpesanhotel?id=KH0001
3	24	0	0	16	24776461	0	24770793	24768659	0	24768659	72860	http://kahadevelop.arctoys.com/datakartu
3	1	1	0	0	24765888	0	0	24765888	0	0	359	http://l.facebook.com/lsr.php?u=http://kahadevelop.arctoys.com/&ext=1485842012&hash=AckqTxjKEmfLPBo1o-moRoyKokpmtn-dmHfUQR2y9EPvDg
3	4	0	0	1	24768991	0	24768985	24768985	0	24768985	11315	http://kahadevelop.arctoys.com/refkota/index?sort=NMKOTA
3	0	0	0	2	0	0	24768528	0	0	24768528	0	http://kahadevelop.arctoys.com/index.php?r=gii
3	0	0	0	1	0	0	24766518	0	0	24766518	0	http://kahadevelop.arctoys.com/index.html
3	0	0	0	1	0	0	24775529	0	0	24775529	0	http://yandex.ru/clck/jsredir?from=yandex.ru%3Bsearch%3Bweb%3B%3B&text=&etext=1324.6mfUv6c6FrJSD7N5ElYqOOEC-DXU_FqvoZIeiVsAuv6wPRPCkMQbU1tp9mbGZrMe.e0810e266f31f53dbbca183d525b657d1770d7bb&uuid=&state=_BLhILn4SxNIvvL0W45KSic66uCIg23qh8iRG98qeIXmeppkgUc0YMIVJNtoWDTa6Ctl47TPu5I&data=UlNrNmk5WktYejR0eWJFYk1LdmtxcklIV3llb2FtU0drb1lYaDhXWUpPUDRoVWRRSFE0NnZWbk1tek93ZnFfZFRlMFdCV0VKeFZSa2tFWTYxWTlxcUxjenh4ejc1dGhKODJZUVNHWTV5aHMyM081VWFtNmtNZw&b64e=2&sign=f55c63af6bff917e35f62e92b21eef0a&keyno=0&cst=AiuY0DBWFJ7IXge4WdYJQSaYtyyri96FpF01hKzBrW5HqJMw6pGVXc4hQj1fQRE_z9gdGq0OEpFNt2QuoayPexuvVzfxLstz3fN0gftkt3JKgr6np_voKYsruF_EaSwl5BmwDjsNR1dXqedXDB0asDTxrj_npKeJ&ref=orjY4mGPRjk5boDnW0uvlrrd71vZw9kp5uQozpMtKCX9U1h5sqoIOx9MTMegyQEzR7uW6Ai1MiVccHIldSCJH6hCU6Q378z2v32xM38U2DdNBE3LX96281dsgZCAM4qI&l10n=ru&cts=1486419643519&mc=2.10506814419
3	9	0	0	5	24800235	0	24778739	24778726	0	24768968	19916	http://kahadevelop.arctoys.com/site/profil
3	155	0	0	36	24776418	0	24770979	24768536	0	24768541	561109	http://kahadevelop.arctoys.com/gii/crud
3	0	0	0	1	0	0	24769326	0	0	24769326	0	http://kahadevelop.arctoys.com/index.php/?r=main-backend
3	0	0	0	1	0	0	24769292	0	0	24769292	0	http://kahadevelop.arctoys.com/index-backend
3	38	0	0	0	24792244	0	0	24792244	0	0	226705	http://kahadevelop.arctoys.com/site/registrasi?id=abc
3	1	0	0	0	24769327	0	0	24769327	0	0	28339	http://kahadevelop.arctoys.com/backend
3	0	0	0	3	0	0	24768955	0	0	24768955	0	http://kahadevelop.arctoys.com/refkereta/index.php
3	5	0	0	0	24771074	0	0	24770818	0	0	15439	http://kahadevelop.arctoys.com/datpemesananhotel
3	1	0	0	4	24766334	0	24766333	24766334	0	24766332	1275	http://kahadevelop.arctoys.com/index.php?r=site/index
3	1	0	0	2	24768984	0	24768984	24768984	0	24768983	2864	http://kahadevelop.arctoys.com/refkota?RefkotaSearch[KDKOTA]=&RefkotaSearch[NMKOTA]=fe&RefkotaSearch[KDPROP]=
3	125	2	0	29	24777902	0	24769429	24768963	0	24768962	577585	http://kahadevelop.arctoys.com/refkota
3	1	0	0	0	24776437	0	0	24776437	0	0	7668	http://kahadevelop.arctoys.com/site/flight.php?from=HLP&to_place=CGK&check_in=
3	9	0	0	0	24776521	0	0	24776515	0	0	1602	http://kahadevelop.arctoys.com/assets/datatables/media/css/jquery.dataTables.min.css
3	78	0	0	77	24776188	0	24776188	24766459	0	24766458	3323631	http://kahadevelop.arctoys.com/index.php
3	48	2	0	7	24770794	0	24769986	24769316	0	24769316	87806	http://kahadevelop.arctoys.com/refpropinsi
3	29	0	0	4	24769225	0	24769225	24769224	0	24769224	0	http://kahadevelop.arctoys.com/registrasi
3	3221	0	0	520	24778772	0	24777315	24766334	0	24766334	74082466	http://kahadevelop.arctoys.com/site/index
3	3	0	0	0	24777315	0	0	24777312	0	0	23937	http://kahadevelop.arctoys.com/site/flight?from=CGK&to_place=SUB&check_in=2017/02/08&class=Ekonomi
3	3	0	0	4	24776188	0	24767732	24767144	0	24767144	19525	http://kahadevelop.arctoys.com/flight.html
3	0	0	0	22	0	0	24777866	0	0	24767571	0	http://kahadevelop.arctoys.com/assets/kaha/css/cs-skin-border.css
4	971	17	0	1	24777238	0	24777234	24777229	0	24777234	5007592	Mozilla/5.0 (Macintosh; Intel Mac OS X 10.12; rv:50.0) Gecko/20100101 Firefox/50.0
4	737	34	1	124	24774688	24768582	24774426	24767440	24768582	24767440	23543868	Mozilla/5.0 (Windows NT 10.0; WOW64) AppleWebKit/537.36 (KHTML, like Gecko) Chrome/54.12.2840.71 Safari/537.36
4	4345	119	1	569	24799317	24769331	24778699	24766696	24769331	24766696	16064061	Mozilla/5.0 (Windows NT 6.3; WOW64; rv:51.0) Gecko/20100101 Firefox/51.0
4	165	1	0	35	24774992	0	24769316	24767773	0	24767754	114987	Mozilla/5.0 (Windows NT 6.1; rv:52.0) Gecko/20100101 Firefox/52.0
4	24	12	0	1	24800325	0	24768867	24768867	0	24768867	104132	Mozilla/5.0 (X11; Linux x86_64) AppleWebKit/537.36 (KHTML, like Gecko) Chrome/49.0.2623.75 Safari/537.36 Google Favicon
4	88	1	0	134	24769002	0	24769002	24768540	0	24768540	2024042	Mozilla/5.0 (Windows NT 6.1) AppleWebKit/537.36 (KHTML, like Gecko) Chrome/55.11.2883.75 Safari/537.36
4	44	1	0	3	24800237	0	24769272	24769271	0	24769271	521729	Mozilla/5.0 (iPhone; CPU iPhone OS 9_1 like Mac OS X) AppleWebKit/601.1.46 (KHTML, like Gecko) Version/9.0 Mobile/13B143 Safari/601.1
4	584	24	0	378	24766531	0	24766531	24766442	0	24766441	2185245	Mozilla/5.0 (Windows NT 6.3; WOW64; rv:50.0) Gecko/20100101 Firefox/50.0
4	3629	190	2	458	24776181	24770934	24776131	24766465	24770798	24766441	73610965	Mozilla/5.0 (Windows NT 6.3; WOW64) AppleWebKit/537.36 (KHTML, like Gecko) Chrome/55.0.2883.87 Safari/537.36
4	655	15	0	32	24775885	0	24775885	24767731	0	24767732	10039744	Mozilla/5.0 (Windows NT 6.1; rv:51.0) Gecko/20100101 Firefox/51.0
4	6	3	0	0	24782327	0	0	24770788	0	0	33486	Mozilla/5.0 (compatible; MSIE 10.0; Windows NT 6.1; Trident/6.0)
4	110	5	0	9	24778698	0	24768619	24767434	0	24767434	4367104	Mozilla/5.0 (Windows NT 10.0; Win64; x64) AppleWebKit/537.36 (KHTML, like Gecko) Chrome/55.0.2883.87 Safari/537.36
4	73	3	0	12	24776549	0	24776549	24776395	0	24776406	1524583	Mozilla/5.0 (Windows NT 6.3; WOW64) AppleWebKit/537.36 (KHTML, like Gecko) Chrome/56.0.2924.87 Safari/537.36
4	203	6	1	39	24772151	24770615	24772150	24767376	24770615	24767376	4650208	Mozilla/5.0 (Linux; U; Android 4.4.2; en-US; ASUS_Z007 Build/KVT49L) AppleWebKit/534.30 (KHTML, like Gecko) Version/4.0 UCBrowser/11.1.5.890 U3/0.8.0 Mobile Safari/534.30
4	163	4	0	3	24800236	0	24776471	24776401	0	24776470	5465631	Mozilla/5.0 (Windows NT 10.0; Win64; x64) AppleWebKit/537.36 (KHTML, like Gecko) Chrome/56.0.2924.87 Safari/537.36
4	3	1	0	0	24766434	0	0	24765888	0	0	701	facebookexternalhit/1.1
4	1	0	0	0	24780378	0	0	24780378	0	0	593472	Mozilla/5.0 (compatible; YandexImages/3.0; +http://yandex.com/bots)
4	51	6	0	12	24769282	0	24769282	24769263	0	24769256	37022	Mozilla/5.0 (Linux; Android 6.0; Nexus 5 Build/MRA58N) AppleWebKit/537.36 (KHTML, like Gecko) Chrome/55.0.2883.87 Mobile Safari/537.36
4	1990	95	1	218	24770010	24768490	24769986	24767164	24768490	24767164	7113235	Mozilla/5.0 (Windows NT 6.1; rv:50.0) Gecko/20100101 Firefox/50.0
4	123	1	0	4	24777396	0	24775100	24775100	0	24775100	5916718	Mozilla/5.0 (Linux; U; Android 4.4.2; en-US; ASUS_Z007 Build/KVT49L) AppleWebKit/534.30 (KHTML, like Gecko) Version/4.0 UCBrowser/11.2.0.915 U3/0.8.0 Mobile Safari/534.30
4	17	2	0	0	24786552	0	0	24766085	0	0	3283	facebookexternalhit/1.1 (+http://www.facebook.com/externalhit_uatext.php)
4	50	1	0	3	24774770	0	24774770	24774770	0	24774770	1226930	Mozilla/5.0 (Macintosh; Intel Mac OS X 10_12_1) AppleWebKit/602.2.14 (KHTML, like Gecko) Version/10.0.1 Safari/602.2.14
4	2	1	0	1	24765888	0	24765888	24765888	0	24765888	530	Mozilla/5.0 (Windows; U; Windows NT 5.1; zh-CN; rv:1.9.0.5) Gecko/200900101 Firefox/3.0.5
4	13179	212	6	1671	24777997	24770953	24777997	24766307	24766384	24766307	224212965	Mozilla/5.0 (Windows NT 6.1) AppleWebKit/537.36 (KHTML, like Gecko) Chrome/55.0.2883.87 Safari/537.36
4	318	22	0	82	24796649	0	24775973	24767433	0	24767433	9065481	Mozilla/5.0 (iPhone; CPU iPhone OS 10_1_1 like Mac OS X) AppleWebKit/602.2.14 (KHTML, like Gecko) Version/10.0 Mobile/14B100 Safari/602.1
4	12	0	0	11	24774762	0	24774512	24768569	0	24768569	37035	Mozilla/5.0 (Macintosh; Intel Mac OS X 10_10_1) AppleWebKit/600.1.25 (KHTML, like Gecko) Version/8.0 Safari/600.1.25
4	60	1	0	0	24776530	0	0	24776530	0	0	3394232	Mozilla/5.0 (X11; Linux x86_64) AppleWebKit/537.36 (KHTML, like Gecko; Google Web Preview) Chrome/27.0.1453 Safari/537.36
4	141	2	0	9	24775102	0	24775102	24767374	0	24767376	4057629	Mozilla/5.0 (iPhone; CPU iPhone OS 10_0_1 like Mac OS X) AppleWebKit/602.1.50 (KHTML, like Gecko) Version/10.0 Mobile/14A403 Safari/602.1
4	2854	82	0	304	24768917	0	24768917	24767413	0	24767413	93286740	Mozilla/5.0 (Windows NT 10.0; WOW64) AppleWebKit/537.36 (KHTML, like Gecko) Chrome/56.0.2924.76 Safari/537.36
4	16	2	0	3	24796138	0	24774091	24770754	0	24773157	38056	Mozilla/5.0 (compatible; YandexBot/3.0; +http://yandex.com/bots)
4	224	1	0	23	24775084	0	24775097	24773085	0	24775070	3074881	Mozilla/5.0 (Windows NT 10.0; WOW64; rv:51.0) Gecko/20100101 Firefox/51.0
4	3983	51	0	94	24780405	0	24778741	24776090	0	24776090	8208830	Mozilla/5.0 (Macintosh; Intel Mac OS X 10_12_3) AppleWebKit/602.4.8 (KHTML, like Gecko) Version/10.0.3 Safari/602.4.8
4	1	1	0	0	24774678	0	0	24774678	0	0	6826	Mozilla/5.0 (Macintosh; Intel Mac OS X 10_12_2) AppleWebKit/537.36 (KHTML, like Gecko) WhatsApp/0.2.2732 Chrome/53.0.2785.113 Electron/1.4.1 Safari/537.36
4	85	2	0	13	24796237	0	24772668	24767869	0	24767869	2150552	Mozilla/5.0 (iPhone; CPU iPhone OS 10_2_1 like Mac OS X) AppleWebKit/602.4.6 (KHTML, like Gecko) Version/10.0 Mobile/14D27 Safari/602.1
4	96	1	0	30	24776188	0	24776188	24767144	0	24767144	4668419	Mozilla/5.0 (Windows NT 10.0; Win64; x64) AppleWebKit/537.36 (KHTML, like Gecko) Chrome/51.0.2704.79 Safari/537.36 Edge/14.14393
4	2	0	0	0	24775102	0	0	24775102	0	0	14133	WhatsApp/2.17.1/i
4	298	8	1	20	24768528	24768511	24768528	24766085	24768511	24766085	3797724	Mozilla/5.0 (Windows NT 10.0; WOW64; rv:49.0) Gecko/20100101 Firefox/49.0
4	90	3	1	5	24770615	24770615	24767142	24767131	24770615	24767131	2663588	Mozilla/5.0 (Windows NT 10.0; WOW64) AppleWebKit/537.36 (KHTML, like Gecko) Chrome/55.0.2883.87 Safari/537.36
4	969	17	1	7	24777979	24777968	24777979	24767424	24777968	24767424	18146606	Mozilla/5.0 (Macintosh; Intel Mac OS X 10.12; rv:51.0) Gecko/20100101 Firefox/51.0
4	45	1	0	5	24768500	0	24768500	24768494	0	24768494	517213	Mozilla/5.0 (Linux; Android 6.0; Nexus 5 Build/MRA58N) AppleWebKit/537.36 (KHTML, like Gecko) Chrome/46.0.2490.76 Mobile Safari/537.36
4	28	0	0	1	24775529	0	24775529	24775529	0	24775529	846352	Opera/9.80 (Windows NT 6.1; WOW64; MRA 6.2 (build 7314)) Presto/2.12.388 Version/12.16
4	61	0	0	0	24777229	0	0	24777229	0	0	3403664	Mozilla/5.0 (Macintosh; Intel Mac OS X 10_12_2) AppleWebKit/602.3.12 (KHTML, like Gecko) Version/10.0.2 Safari/602.3.12
4	1977	12	0	42	24792244	0	24770312	24770011	0	24770011	61504450	Mozilla/5.0 (Windows NT 10.0; WOW64) AppleWebKit/537.36 (KHTML, like Gecko) Chrome/56.0.2924.87 Safari/537.36
4	8	0	0	0	24775350	0	0	24775350	0	0	159540	Mozilla/5.0 (Windows NT 6.2; WOW64) AppleWebKit/537.36 (KHTML, like Gecko) Chrome/31.0.1650.57 Safari/537.36
4	1	1	0	0	24774678	0	0	24774678	0	0	6826	request.js
5	1	0	0	0	24766434	0	0	24766434	0	0	171	173.252.123.181
5	19	0	0	0	24776530	0	0	24776530	0	0	629534	66.102.6.132
5	12	0	0	11	24774762	0	24774512	24768569	0	24768569	37035	52.71.155.178
5	2	0	0	0	24774992	0	0	24774992	0	0	2738	114.125.100.164
5	22	1	0	0	24776530	0	0	24776530	0	0	1021723	66.102.6.130
5	9643	266	1	1344	24769461	24769331	24769460	24769166	24769331	24769166	12115935	180.247.129.34
5	1	0	0	0	24777356	0	0	24777356	0	0	23	130.193.51.19
5	19	0	0	0	24776530	0	0	24776530	0	0	1742975	66.102.6.128
5	1	1	0	3	24766696	0	24766696	24766696	0	24766696	6025	114.125.83.89
5	33	1	0	3	24774679	0	24774679	24774679	0	24774679	1265398	114.125.81.235
5	19	3	1	4	24770821	24770798	24770803	24770789	24770798	24770793	78954	36.74.1.236
5	22	2	0	3	24771083	0	24771083	24771082	0	24771082	736628	114.125.74.12
5	2	1	0	0	24771084	0	0	24771083	0	0	10148	114.125.101.22
5	0	0	0	1	0	0	24773772	0	0	24773772	0	141.8.142.141
5	1	0	0	0	24799317	0	0	24799317	0	0	7988	115.178.235.249
5	2078	96	1	352	24770010	24768490	24769986	24767164	24768490	24767164	9137277	210.57.215.134
5	1	0	0	0	24766434	0	0	24766434	0	0	171	173.252.120.97
5	12	1	0	9	24769316	0	24769316	24769314	0	24769314	83156	114.125.82.176
5	2	1	0	0	24779465	0	0	24779465	0	0	7987	114.125.80.77
5	1	0	0	0	24766558	0	0	24766558	0	0	171	31.13.110.101
5	377	3	1	31	24775102	24770615	24775102	24767460	24770615	24767460	7302360	139.228.86.21
5	4	3	0	0	24782327	0	0	24770788	0	0	28246	185.20.99.141
5	37	1	0	1	24767376	0	24767376	24767374	0	24767376	1157419	114.125.116.145
5	1	1	0	4	24775973	0	24775973	24775973	0	24775973	7485	114.125.85.198
5	1	1	0	0	24796649	0	0	24796649	0	0	7986	114.125.81.210
5	34	0	0	0	24775282	0	0	24775167	0	0	663494	36.82.82.157
5	1	0	0	0	24772331	0	0	24772331	0	0	1703	185.57.81.38
5	75	3	0	18	24772151	0	24772150	24772144	0	24772144	300519	180.248.17.160
5	11591	192	0	475	24780405	0	24778741	24767131	0	24767131	216323854	210.57.215.114
5	1	0	0	0	24766085	0	0	24766085	0	0	171	66.220.146.225
5	1	0	0	4	24769495	0	24769495	24769495	0	24769495	770	114.125.102.182
5	57	3	0	6	24774987	0	24774985	24774985	0	24774985	53528	114.125.120.163
5	17	1	0	3	24778124	0	24778121	24778116	0	24778120	86467	180.254.51.239
5	524	14	0	19	24775885	0	24775885	24767731	0	24767732	7446712	110.50.84.12
5	9	0	0	4	24767914	0	24767914	24767914	0	24767913	255190	36.74.18.186
5	1	0	0	0	24773035	0	0	24773035	0	0	318	64.233.172.130
5	1	1	0	0	24773035	0	0	24773035	0	0	6799	64.233.172.128
5	1	0	0	0	24777356	0	0	24777356	0	0	7977	141.8.142.61
5	1	0	0	0	24786552	0	0	24786552	0	0	171	69.171.230.123
5	1	1	0	0	24765888	0	0	24765888	0	0	359	173.252.114.117
5	2	1	0	1	24765888	0	24765888	24765888	0	24765888	530	66.220.145.243
5	2	0	0	0	24769355	0	0	24766434	0	0	342	69.171.230.121
5	1	0	0	0	24776512	0	0	24776512	0	0	171	69.171.230.120
5	1	0	0	0	24769023	0	0	24769023	0	0	171	69.171.230.119
5	5	0	0	5	24775642	0	24775642	24775642	0	24775642	1065750	188.166.191.61
5	1	0	0	11	24767892	0	24767892	24767892	0	24767866	6052	114.125.85.166
5	3144	120	2	373	24800237	24768582	24778699	24766085	24768511	24766085	102600081	210.57.215.238
5	1	0	0	0	24775097	0	0	24775097	0	0	171	69.171.230.114
5	1	0	0	0	24766085	0	0	24766085	0	0	171	173.252.75.118
5	6	0	1	8	24770618	24770615	24770618	24770613	24770615	24770613	452948	36.81.96.61
5	2	2	0	6	24774994	0	24774995	24774993	0	24774994	13660	114.125.104.229
5	184	3	0	17	24777396	0	24775100	24767376	0	24767376	6399007	168.235.201.237
5	2	1	0	0	24774493	0	0	24768867	0	0	6402	66.102.6.12
5	2	1	0	0	24774493	0	0	24770484	0	0	7118	66.102.6.10
5	1	0	0	0	24767144	0	0	24767144	0	0	171	69.171.230.107
5	1	0	0	0	24768480	0	0	24768480	0	0	171	69.171.230.106
5	1	0	0	0	24776040	0	0	24776040	0	0	171	69.171.230.105
5	40	0	0	0	24792244	0	0	24792244	0	0	249438	139.228.86.127
5	276	1	0	28	24767796	0	24767796	24767738	0	24767738	2593032	114.125.101.93
5	136	0	0	22	24775528	0	24775528	24775092	0	24775091	9871430	115.178.251.67
5	1	0	0	0	24781544	0	0	24781544	0	0	3537	178.255.153.77
5	1	0	0	0	24766434	0	0	24766434	0	0	171	173.252.124.57
5	2132	16	1	65	24778008	24777968	24778007	24777865	24777968	24777866	57647379	202.80.217.161
5	1	0	0	4	24772398	0	24772398	24772398	0	24772398	770	114.125.104.74
5	3	1	0	0	24800325	0	0	24797792	0	0	10798	66.102.7.132
5	1	1	0	0	24800325	0	0	24800325	0	0	7986	66.102.7.130
5	663	1	0	12	24775137	0	24775128	24775066	0	24775093	3955760	36.76.118.17
5	45	1	0	0	24779395	0	0	24779394	0	0	1065687	202.80.212.51
5	28	0	0	1	24775529	0	24775529	24775529	0	24775529	846352	37.204.105.36
5	42	1	0	0	24796237	0	0	24796237	0	0	805329	114.125.80.166
5	1	1	0	0	24770327	0	0	24770327	0	0	6096	115.178.251.47
5	3620	42	0	64	24776549	0	24776549	24776393	0	24776400	141251461	36.73.243.157
5	3	2	0	0	24791576	0	0	24784448	0	0	17431	66.102.7.21
5	4	3	0	0	24794536	0	0	24777341	0	0	25358	66.102.7.19
5	0	0	0	4	0	0	24772668	0	0	24772668	0	114.125.80.163
5	50	1	0	0	24799064	0	0	24799064	0	0	1890836	115.178.236.51
5	1	1	0	0	24766085	0	0	24766085	0	0	359	173.252.74.96
5	5	1	0	0	24794536	0	0	24777341	0	0	13614	66.102.7.17
5	1	0	0	0	24766085	0	0	24766085	0	0	171	173.252.74.114
5	8	0	0	0	24775350	0	0	24775350	0	0	159540	176.14.207.97
5	1	1	0	0	24766085	0	0	24766085	0	0	359	173.252.74.110
5	13	2	0	2	24796138	0	24774091	24770754	0	24773157	616706	93.158.152.61
5	2	0	0	0	24781712	0	0	24773931	0	0	6822	141.8.142.180
5	1	0	0	0	24777403	0	0	24777403	0	0	171	69.171.230.98
5	0	0	0	1	0	0	24768867	0	0	24768867	0	66.102.6.8
5	1746	118	2	1343	24766531	24766453	24766531	24766307	24766384	24766307	10894498	180.247.137.215
5	2	1	0	0	24776530	0	0	24776530	0	0	8308	66.249.88.32
5	1630	40	5	89	24771074	24770953	24771061	24770831	24770916	24770837	3028506	36.78.110.86
5	42	1	0	5	24767870	0	24767870	24767869	0	24767869	1344453	180.251.82.246
z	0	19935	1	24799121	0
z	1	29	0	24770906	29
z	2	10	0	24796138	230
z	3	2871	10	24800234	1809187
z	4	11567	933	24800325	54561229
z	5	2754	17	24800237	91594132
z	6	1316	0	24800237	459446203
c	200	18550	24800325
c	206	31	24770906
c	301	10	24777968
c	302	5	24770953
c	304	19901	24799121
c	400	2	24777979
c	403	32	24776409
c	404	4170	24778741
c	405	2	24769985
c	500	150	24778725
