CACHE type 5 produced by analog 6.0/Unix. Do not modify or delete!
T	0	0	188	30	0	12	28127
D	24726908	24777222
17171	133	5	3	1416
17171	134	3	1	1534
17171	135	13	4	9020
17171	140	1	1	420
17171	167	1	0	0
17171	169	5	2	3222
17171	170	20	0	202
17171	171	3	0	202
17171	172	2	0	101
17171	173	18	0	200
17171	174	5	0	0
17171	175	10	0	0
17171	176	8	0	0
17171	177	15	0	0
17171	178	2	0	0
17171	180	2	0	0
17171	191	3	0	0
17172	105	2	0	0
17172	106	7	0	0
17172	107	6	0	0
17172	108	1	0	0
17172	110	1	0	0
17172	111	9	0	0
17172	112	7	0	0
17172	113	6	0	0
17172	123	4	1	3932
17172	243	1	1	421
17174	57	1	1	526
17178	188	2	1	529
17183	119	2	1	529
17184	251	1	1	358
17205	140	15	9	3564
17205	144	1	1	358
17205	155	2	1	535
17205	166	2	1	529
17206	116	2	1	529
1	19	19	0	0	24776034	0	0	24726908	0	0	7119	/
1	3	3	0	0	24746218	0	0	24728899	0	0	1137	/?110.50.84.12
1	0	0	0	1	0	0	24775903	0	0	24775903	0	/kaha
1	1	0	0	0	24728299	0	0	24728299	0	0	1070	/_autoindex/icons/unknown.png
1	4	4	0	0	24728299	0	0	24726918	0	0	1929	/botTelegram/
1	16	0	0	0	24777222	0	0	24726908	0	0	1881	/_autoindex/icons/blank.png
1	129	0	0	5	24728247	0	24727096	24726919	0	24727094	604	/botTelegram/cekPeserta.php
1	4	0	0	0	24728299	0	0	24726918	0	0	4788	/_autoindex/icons/html.png
1	4	0	0	0	24728299	0	0	24726918	0	0	4556	/_autoindex/icons/up.png
1	1	0	0	0	24727091	0	0	24727091	0	0	101	/botTelegram/cekPeserta.php?110.50.84.12
1	0	0	0	6	0	0	24776034	0	0	24726908	0	/favicon.ico
1	3	3	0	0	24777222	0	0	24744118	0	0	1074	/?188.172.219.43
1	1	1	0	0	24730845	0	0	24730845	0	0	526	/botTelegram/?110.50.84.12
1	3	0	0	0	24726919	0	0	24726911	0	0	3342	/_autoindex/icons/folder.png
3	9	1	0	1	24728299	0	24727096	24726918	0	24727096	8498	http://webservices.arctoys.com/botTelegram/
3	3	1	0	0	24726919	0	0	24726919	0	0	1754	https://webservices.arctoys.com/
3	1	1	0	0	24726909	0	0	24726909	0	0	358	http://l.facebook.com/lsr.php?u=http://webservices.arctoys.com/&ext=1483503291&hash=AckPFW6ai2zpYwWPdIJ5ApDPxYmM5vxFq-bbcGuAhJ6qng
3	1	0	0	0	24775975	0	0	24775975	0	0	171	http://www.webservices.arctoys.com/
3	3	0	0	0	24726919	0	0	24726919	0	0	2336	https://webservices.arctoys.com/botTelegram/
3	19	3	0	1	24777222	0	24726909	24726908	0	24726909	5227	http://webservices.arctoys.com/
4	4	2	0	0	24744118	0	0	24737260	0	0	1058	Mozilla/5.0 (Macintosh; Intel Mac OS X 10.12; rv:50.0) Gecko/20100101 Firefox/50.0
4	11	4	0	2	24728299	0	24726918	24726918	0	24726918	8861	Mozilla/5.0 (Macintosh; Intel Mac OS X 10.10; rv:50.0) Gecko/20100101 Firefox/50.0
4	1	0	0	0	24727079	0	0	24727079	0	0	0	TelegramBot (like TwitterBot)
4	4	2	0	1	24777222	0	24776034	24776034	0	24776034	1058	Mozilla/5.0 (Macintosh; Intel Mac OS X 10.12; rv:51.0) Gecko/20100101 Firefox/51.0
4	1	1	0	0	24726909	0	0	24726909	0	0	358	facebookexternalhit/1.1
4	18	6	0	2	24728206	0	24727096	24726908	0	24726908	9796	Mozilla/5.0 (Windows NT 6.1; rv:50.0) Gecko/20100101 Firefox/50.0
4	2	1	0	1	24726909	0	24726909	24726909	0	24726909	529	Mozilla/5.0 (Windows; U; Windows NT 5.1; zh-CN; rv:1.9.0.5) Gecko/200900101 Firefox/3.0.5
4	2	1	0	0	24775975	0	0	24775975	0	0	535	Mozilla/5.0 (iPhone; CPU iPhone OS 10_1_1 like Mac OS X) AppleWebKit/602.2.14 (KHTML, like Gecko) Version/10.0 Mobile/14B100 Safari/602.1
4	16	10	0	2	24775924	0	24775903	24775901	0	24775901	3922	Mozilla/5.0 (Windows NT 6.1; rv:51.0) Gecko/20100101 Firefox/51.0
4	3	3	0	0	24746218	0	0	24728899	0	0	1305	Mozilla/5.0 (compatible; MSIE 10.0; Windows NT 6.1; Trident/6.0)
5	19	8	0	3	24777222	0	24776034	24726918	0	24726918	10977	210.57.215.114
5	2	1	0	1	24726909	0	24726909	24726909	0	24726909	529	66.220.145.244
5	1	1	0	0	24728899	0	0	24728899	0	0	421	192.95.20.138
5	34	16	0	4	24775924	0	24775903	24726908	0	24726908	13718	110.50.84.12
5	2	1	0	0	24775975	0	0	24775975	0	0	535	114.125.85.198
5	1	1	0	0	24726909	0	0	24726909	0	0	358	69.171.228.117
5	126	0	0	4	24728247	0	24727095	24727090	0	24727094	705	163.172.167.189
5	1	0	0	0	24727079	0	0	24727079	0	0	0	149.154.167.164
5	1	1	0	0	24730845	0	0	24730845	0	0	526	188.172.219.43
5	1	1	0	0	24746218	0	0	24746218	0	0	358	185.57.81.38
z	0	128	0	24775902	0
z	2	2	0	24727105	200
z	3	46	30	24777222	14171
z	4	12	0	24728299	13756
c	200	183	24777222
c	304	5	24775902
c	404	7	24776034
c	500	5	24727096
